1.780800999999999931e+03
1.933500999999999976e+03
2.420126000000000204e+03
2.570411000000000058e+03
2.155213000000000193e+03
1.581290999999999940e+03
1.136373000000000047e+03
1.059631000000000085e+03
1.206944999999999936e+03
1.184641000000000076e+03
1.131404999999999973e+03
9.146728000000000520e+02
7.611429000000000542e+02
7.121191999999999780e+02
7.431805000000000518e+02
8.354841999999999871e+02
7.063246000000000322e+02
6.122146999999999935e+02
4.548682999999999765e+02
3.819234999999999900e+02
3.765249999999999773e+02
3.819323999999999728e+02
3.755525999999999840e+02
3.210609000000000037e+02
2.599141999999999939e+02
2.215200000000000102e+02
2.255076999999999998e+02
2.280257000000000005e+02
2.116411999999999978e+02
1.753511000000000024e+02
1.511560000000000059e+02
1.206038999999999959e+02
1.144518000000000058e+02
1.071521000000000043e+02
1.031021999999999963e+02
9.352930000000000632e+01
7.783326999999999884e+01
7.319455999999999563e+01
5.910996999999999701e+01
6.090227000000000146e+01
5.842199000000000098e+01
5.025036999999999665e+01
4.490673999999999921e+01
3.544903999999999655e+01
2.946912999999999982e+01
2.877863999999999933e+01
2.689386999999999972e+01
