           2 NaN             0.1960720E-01  0.6898392E+00
           3  0.5047738E-36  0.5047731E-36  0.6898392E+00
           4 NaN             0.4648093E-01  0.6898392E+00
           5 -0.1057427E-01  0.4489237E-01  0.6898392E+00
           6 NaN             0.8265600E-01  0.6898392E+00
           7 -0.1307682E+00  0.7867429E-01  0.6898392E+00
           8 NaN             0.1280025E+00  0.6898392E+00
           9  0.2009656E+00  0.1214421E+00  0.6898392E+00
          10 NaN             0.1824707E+00  0.6898392E+00
          11 -0.3487551E-01  0.1731968E+00  0.6898392E+00
          12 NaN             0.2460538E+00  0.6898392E+00
          13 -0.6532447E-01  0.2339627E+00  0.6898392E+00
          14 NaN             0.3187735E+00  0.6898392E+00
          15  0.6313407E+00  0.3037840E+00  0.6898392E+00
          16 NaN             0.4006754E+00  0.6898392E+00
          17 -0.1903148E+00  0.3827254E+00  0.6898392E+00
          18 NaN             0.4918165E+00  0.6898392E+00
          19 -0.1423217E+00  0.4708460E+00  0.6898392E+00
          20 NaN             0.5922565E+00  0.6898392E+00
          21  0.4370829E+00  0.5682344E+00  0.6898392E+00
          22 NaN             0.7020969E+00  0.6898392E+00
          23  0.3377860E+00  0.6749834E+00  0.6898392E+00
          24 NaN             0.8214272E+00  0.6898392E+00
          25  0.3524465E+00  0.7911896E+00  0.6898392E+00
          26 NaN             0.9503336E+00  0.6898392E+00
          27 -0.2667074E-01  0.9169496E+00  0.6898392E+00
          28 NaN             0.1088954E+01  0.6898392E+00
          29  0.7491195E+00  0.1052388E+01  0.6898392E+00
          30 NaN             0.1237389E+01  0.6898392E+00
          31  0.3237417E+00  0.1197649E+01  0.6898392E+00
          32 NaN             0.1395778E+01  0.6898392E+00
          33  0.9331199E-01  0.1352827E+01  0.6898392E+00
          34 NaN             0.1564250E+01  0.6898392E+00
          35  0.5404928E+00  0.1518080E+01  0.6898392E+00
          36 NaN             0.1742951E+01  0.6898392E+00
          37  0.9652111E-01  0.1693549E+01  0.6898392E+00
          38 NaN             0.1932025E+01  0.6898392E+00
          39 -0.3309119E+00  0.1879377E+01  0.6898392E+00
          40 NaN             0.2131632E+01  0.6898392E+00
          41  0.5715791E+00  0.2075737E+01  0.6898392E+00
          42 NaN             0.2341938E+01  0.6898392E+00
          43  0.2032175E+00  0.2282794E+01  0.6898392E+00
          44 NaN             0.2563107E+01  0.6898392E+00
          45  0.4530022E+00  0.2500688E+01  0.6898392E+00
          46 NaN             0.2795301E+01  0.6898392E+00
          47  0.1842342E+00  0.2729631E+01  0.6898392E+00
          48 NaN             0.3038713E+01  0.6898392E+00
          49  0.1908945E+00  0.2969784E+01  0.6898392E+00
          50 NaN             0.3293584E+01  0.6898392E+00
          51 -0.5010799E+00  0.3221318E+01  0.6898392E+00
          52 NaN             0.3560021E+01  0.6898392E+00
          53  0.7583252E+00  0.3484512E+01  0.6898392E+00
          54 NaN             0.3838306E+01  0.6898392E+00
          55 -0.4301990E+00  0.3759532E+01  0.6898392E+00
          56 NaN             0.4128541E+01  0.6898392E+00
          57  0.6420756E+00  0.4046482E+01  0.6898392E+00
          58 NaN             0.4431001E+01  0.6898392E+00
          59 -0.6413329E+00  0.4345730E+01  0.6898392E+00
          60 NaN             0.4745908E+01  0.6898392E+00
          61  0.1668101E+01  0.4657351E+01  0.6898392E+00
          62 NaN             0.5073573E+01  0.6898392E+00
          63  0.9345843E+00  0.4981679E+01  0.6898392E+00
          64 NaN             0.5414115E+01  0.6898392E+00
          65  0.4882950E+00  0.5319022E+01  0.6898392E+00
          66 NaN             0.5767810E+01  0.6898392E+00
          67  0.4795816E+00  0.5669438E+01  0.6898392E+00
          68 NaN             0.6134953E+01  0.6898392E+00
          69 -0.1186025E+01  0.6033302E+01  0.6898392E+00
          70 NaN             0.6515738E+01  0.6898392E+00
          71  0.1345071E+01  0.6410896E+01  0.6898392E+00
          72 NaN             0.6910477E+01  0.6898392E+00
          73 -0.3138961E+00  0.6802316E+01  0.6898392E+00
          74 NaN             0.7319493E+01  0.6898392E+00
          75  0.1335842E+01  0.7208062E+01  0.6898392E+00
          76 NaN             0.7742978E+01  0.6898392E+00
          77  0.2395677E+01  0.7628379E+01  0.6898392E+00
          78 NaN             0.8181307E+01  0.6898392E+00
          79 -0.5210018E+00  0.8063494E+01  0.6898392E+00
          80 NaN             0.8634743E+01  0.6898392E+00
          81  0.1490853E+01  0.8513611E+01  0.6898392E+00
          82 NaN             0.9103532E+01  0.6898392E+00
          83  0.2934217E+01  0.8979327E+01  0.6898392E+00
          84 NaN             0.9588057E+01  0.6898392E+00
          85  0.1464337E+01  0.9460577E+01  0.6898392E+00
          86 NaN             0.1008876E+02  0.6898392E+00
          87 -0.1014423E+01  0.9958107E+01  0.6898392E+00
          88 NaN             0.1060580E+02  0.6898392E+00
          89  0.2479250E+01  0.1047209E+02  0.6898392E+00
          90 NaN             0.1113956E+02  0.6898392E+00
          91  0.5759876E+00  0.1100269E+02  0.6898392E+00
          92 NaN             0.1169048E+02  0.6898392E+00
          93  0.1330942E+01  0.1155047E+02  0.6898392E+00
          94 NaN             0.1225887E+02  0.6898392E+00
          95 -0.2567401E+01  0.1211570E+02  0.6898392E+00
          96 NaN             0.1284512E+02  0.6898392E+00
          97  0.1557213E+01  0.1269890E+02  0.6898392E+00
          98 NaN             0.1344958E+02  0.6898392E+00
          99  0.2745753E+01  0.1330021E+02  0.6898392E+00
         100 NaN             0.1407264E+02  0.6898392E+00
         101  0.1500783E+01  0.1392032E+02  0.6898392E+00
         102 NaN             0.1471475E+02  0.6898392E+00
         103  0.4796287E+00  0.1455921E+02  0.6898392E+00
         104 NaN             0.1537622E+02  0.6898392E+00
         105  0.5703653E+00  0.1521770E+02  0.6898392E+00
         106 NaN             0.1605758E+02  0.6898392E+00
         107 -0.3259898E+01  0.1589609E+02  0.6898392E+00
         108 NaN             0.1675920E+02  0.6898392E+00
         109  0.1781603E+01  0.1659454E+02  0.6898392E+00
         110 NaN             0.1748145E+02  0.6898392E+00
         111  0.5704748E+01  0.1731390E+02  0.6898392E+00
         112 NaN             0.1822481E+02  0.6898392E+00
         113  0.3035180E+01  0.1805438E+02  0.6898392E+00
         114 NaN             0.1898981E+02  0.6898392E+00
         115  0.5022728E+00  0.1881631E+02  0.6898392E+00
         116 NaN             0.1977679E+02  0.6898392E+00
         117  0.6164468E+01  0.1960045E+02  0.6898392E+00
         118 NaN             0.2058629E+02  0.6898392E+00
         119  0.2519182E+01  0.2040699E+02  0.6898392E+00
         120 NaN             0.2141873E+02  0.6898392E+00
         121  0.3610748E+01  0.2123647E+02  0.6898392E+00
         122 NaN             0.2227453E+02  0.6898392E+00
         123 -0.1952269E+01  0.2208938E+02  0.6898392E+00
         124 NaN             0.2315442E+02  0.6898392E+00
         125 -0.1411314E+01  0.2296637E+02  0.6898392E+00
         126 NaN             0.2405858E+02  0.6898392E+00
         127  0.5174964E+01  0.2386771E+02  0.6898392E+00
         128 NaN             0.2498775E+02  0.6898392E+00
         129  0.3887371E+01  0.2479396E+02  0.6898392E+00
         130 NaN             0.2594236E+02  0.6898392E+00
         131 -0.4711068E+00  0.2574571E+02  0.6898392E+00
         132 NaN             0.2692300E+02  0.6898392E+00
         133 -0.4546260E-01  0.2672345E+02  0.6898392E+00
         134 NaN             0.2793008E+02  0.6898392E+00
         135  0.1969318E+01  0.2772793E+02  0.6898392E+00
         136 NaN             0.2896418E+02  0.6898392E+00
         137  0.1338819E+01  0.2875939E+02  0.6898392E+00
         138 NaN             0.3002596E+02  0.6898392E+00
         139  0.4511097E+01  0.2981828E+02  0.6898392E+00
         140 NaN             0.3111611E+02  0.6898392E+00
         141 -0.3491491E+01  0.3090552E+02  0.6898392E+00
         142 NaN             0.3223489E+02  0.6898392E+00
         143  0.3176096E+01  0.3202149E+02  0.6898392E+00
         144 NaN             0.3338258E+02  0.6898392E+00
         145 -0.2200025E+00  0.3316654E+02  0.6898392E+00
         146 NaN             0.3456078E+02  0.6898392E+00
         147  0.1069305E+02  0.3434190E+02  0.6898392E+00
         148 NaN             0.3576884E+02  0.6898392E+00
         149  0.2996797E+01  0.3554817E+02  0.6898392E+00
         150 NaN             0.3700898E+02  0.6898392E+00
         151 -0.9216494E+00  0.3678515E+02  0.6898392E+00
         152 NaN             0.3828108E+02  0.6898392E+00
         153 -0.5584068E+01  0.3805465E+02  0.6898392E+00
         154 NaN             0.3958424E+02  0.6898392E+00
         155 -0.5333854E+01  0.3935603E+02  0.6898392E+00
         156 NaN             0.4092218E+02  0.6898392E+00
         157 -0.5440922E+01  0.4069048E+02  0.6898392E+00
         158 NaN             0.4229267E+02  0.6898392E+00
         159  0.5764505E+01  0.4205912E+02  0.6898392E+00
         160 NaN             0.4369818E+02  0.6898392E+00
         161  0.7058596E+01  0.4346370E+02  0.6898392E+00
         162 NaN             0.4513894E+02  0.6898392E+00
         163  0.2569408E+01  0.4490057E+02  0.6898392E+00
         164 NaN             0.4661602E+02  0.6898392E+00
         165  0.2817764E+01  0.4637516E+02  0.6898392E+00
         166 NaN             0.4812909E+02  0.6898392E+00
         167 -0.5149469E+01  0.4788637E+02  0.6898392E+00
         168 NaN             0.4968017E+02  0.6898392E+00
         169  0.8178308E+01  0.4943521E+02  0.6898392E+00
         170 NaN             0.5126944E+02  0.6898392E+00
         171 -0.3225987E+01  0.5102274E+02  0.6898392E+00
         172 NaN             0.5289790E+02  0.6898392E+00
         173 -0.2284129E+01  0.5264854E+02  0.6898392E+00
         174 NaN             0.5456577E+02  0.6898392E+00
         175  0.3340979E+01  0.5431466E+02  0.6898392E+00
         176 NaN             0.5627477E+02  0.6898392E+00
         177  0.2937192E+01  0.5602153E+02  0.6898392E+00
         178 NaN             0.5802470E+02  0.6898392E+00
         179 -0.7327279E+00  0.5776978E+02  0.6898392E+00
         180 NaN             0.5981736E+02  0.6898392E+00
         181  0.1885129E+00  0.5955991E+02  0.6898392E+00
         182 NaN             0.6165382E+02  0.6898392E+00
         183 -0.6766904E+01  0.6139502E+02  0.6898392E+00
         184 NaN             0.6353403E+02  0.6898392E+00
         185 -0.4724564E+01  0.6327345E+02  0.6898392E+00
         186 NaN             0.6545959E+02  0.6898392E+00
         187  0.9774353E+01  0.6519804E+02  0.6898392E+00
         188 NaN             0.6743224E+02  0.6898392E+00
         189  0.2778559E+01  0.6716805E+02  0.6898392E+00
         190 NaN             0.6945083E+02  0.6898392E+00
         191  0.5768342E+01  0.6918601E+02  0.6898392E+00
         192 NaN             0.7151887E+02  0.6898392E+00
         193 -0.5680708E+01  0.7125259E+02  0.6898392E+00
         194 NaN             0.7363535E+02  0.6898392E+00
         195  0.7460028E+01  0.7336850E+02  0.6898392E+00
         196 NaN             0.7580286E+02  0.6898392E+00
         197  0.1320557E+02  0.7553432E+02  0.6898392E+00
         198 NaN             0.7802200E+02  0.6898392E+00
         199  0.1246730E+01  0.7775343E+02  0.6898392E+00
         200 NaN             0.8029359E+02  0.6898392E+00
         201 -0.3022647E+01  0.8002378E+02  0.6898392E+00
         202 NaN             0.8261964E+02  0.6898392E+00
         203 -0.1446044E+02  0.8234959E+02  0.6898392E+00
         204 NaN             0.8500019E+02  0.6898392E+00
         205 -0.5348588E+00  0.8472901E+02  0.6898392E+00
         206 NaN             0.8743690E+02  0.6898392E+00
         207 -0.5455606E+00  0.8716662E+02  0.6898392E+00
         208 NaN             0.8993242E+02  0.6898392E+00
         209  0.1065457E+02  0.8966007E+02  0.6898392E+00
         210 NaN             0.9248547E+02  0.6898392E+00
         211  0.8568347E+01  0.9221399E+02  0.6898392E+00
         212 NaN             0.9509901E+02  0.6898392E+00
         213 -0.8015328E+01  0.9482795E+02  0.6898392E+00
         214 NaN             0.9777572E+02  0.6898392E+00
         215  0.2793955E+01  0.9750217E+02  0.6898392E+00
         216 NaN             0.1005121E+03  0.6898392E+00
         217  0.9968758E+01  0.1002408E+03  0.6898392E+00
         218 NaN             0.1033143E+03  0.6898392E+00
         219  0.1018443E+02  0.1030420E+03  0.6898392E+00
         220 NaN             0.1061817E+03  0.6898392E+00
         221 -0.6044803E+01  0.1059104E+03  0.6898392E+00
         222 NaN             0.1091153E+03  0.6898392E+00
         223 -0.5879704E+01  0.1088448E+03  0.6898392E+00
         224 NaN             0.1121184E+03  0.6898392E+00
         225 -0.1200732E+02  0.1118470E+03  0.6898392E+00
         226 NaN             0.1151896E+03  0.6898392E+00
         227  0.3345104E+01  0.1149199E+03  0.6898392E+00
         228 NaN             0.1183321E+03  0.6898392E+00
         229 -0.1930828E+01  0.1180631E+03  0.6898392E+00
         230 NaN             0.1215466E+03  0.6898392E+00
         231 -0.4618704E+01  0.1212781E+03  0.6898392E+00
         232 NaN             0.1248359E+03  0.6898392E+00
         233  0.6356571E+01  0.1245675E+03  0.6898392E+00
         234 NaN             0.1281985E+03  0.6898392E+00
         235  0.1046152E+02  0.1279328E+03  0.6898392E+00
         236 NaN             0.1316397E+03  0.6898392E+00
         237  0.3168479E+02  0.1313735E+03  0.6898392E+00
         238 NaN             0.1351570E+03  0.6898392E+00
         239 -0.7971468E+01  0.1348934E+03  0.6898392E+00
         240 NaN             0.1387545E+03  0.6898392E+00
         241  0.1867368E+01  0.1384913E+03  0.6898392E+00
         242 NaN             0.1424327E+03  0.6898392E+00
         243 -0.1933322E+02  0.1421701E+03  0.6898392E+00
         244 NaN             0.1461938E+03  0.6898392E+00
         245  0.1768215E+01  0.1459315E+03  0.6898392E+00
         246 NaN             0.1500375E+03  0.6898392E+00
         247  0.1169814E+02  0.1497775E+03  0.6898392E+00
         248 NaN             0.1539671E+03  0.6898392E+00
         249  0.5450707E+01  0.1537090E+03  0.6898392E+00
         250 NaN             0.1579833E+03  0.6898392E+00
         251  0.6613545E+01  0.1577262E+03  0.6898392E+00
         252 NaN             0.1620880E+03  0.6898392E+00
         253  0.9627138E+00  0.1618327E+03  0.6898392E+00
         254 NaN             0.1662828E+03  0.6898392E+00
         255  0.2037128E+02  0.1660286E+03  0.6898392E+00
         256 NaN             0.1705685E+03  0.6898392E+00
         257  0.2687692E+02  0.1703167E+03  0.6898392E+00
         258 NaN             0.1749484E+03  0.6898392E+00
         259  0.1155266E+02  0.1746969E+03  0.6898392E+00
         260 NaN             0.1794222E+03  0.6898392E+00
         261  0.4673875E+01  0.1791739E+03  0.6898392E+00
         262 NaN             0.1839933E+03  0.6898392E+00
         263  0.2561074E-01  0.1837453E+03  0.6898392E+00
         264 NaN             0.1886632E+03  0.6898392E+00
         265  0.1838897E+02  0.1884173E+03  0.6898392E+00
         266 NaN             0.1934319E+03  0.6898392E+00
         267  0.3463020E+02  0.1931889E+03  0.6898392E+00
         268 NaN             0.1983040E+03  0.6898392E+00
         269  0.1036363E+02  0.1980632E+03  0.6898392E+00
         270 NaN             0.2032802E+03  0.6898392E+00
         271 -0.3877535E+01  0.2030413E+03  0.6898392E+00
         272 NaN             0.2083614E+03  0.6898392E+00
         273  0.1634997E+02  0.2081259E+03  0.6898392E+00
         274 NaN             0.2135524E+03  0.6898392E+00
         275  0.9863765E+00  0.2133184E+03  0.6898392E+00
         276 NaN             0.2188520E+03  0.6898392E+00
         277 -0.2664969E+02  0.2186218E+03  0.6898392E+00
         278 NaN             0.2242656E+03  0.6898392E+00
         279 -0.1193165E+01  0.2240391E+03  0.6898392E+00
         280 NaN             0.2297931E+03  0.6898392E+00
         281 -0.1356535E+02  0.2295697E+03  0.6898392E+00
         282 NaN             0.2354384E+03  0.6898392E+00
         283  0.8777582E+01  0.2352190E+03  0.6898392E+00
         284 NaN             0.2412024E+03  0.6898392E+00
         285  0.6391090E+02  0.2409877E+03  0.6898392E+00
         286 NaN             0.2470898E+03  0.6898392E+00
         287 -0.5417575E+01  0.2468780E+03  0.6898392E+00
         288 NaN             0.2531013E+03  0.6898392E+00
         289  0.4182421E+02  0.2528945E+03  0.6898392E+00
         290 NaN             0.2592394E+03  0.6898392E+00
         291 -0.9311499E+01  0.2590388E+03  0.6898392E+00
         292 NaN             0.2655083E+03  0.6898392E+00
         293  0.1955951E+02  0.2653141E+03  0.6898392E+00
         294 NaN             0.2719098E+03  0.6898392E+00
         295 -0.2134948E+01  0.2717205E+03  0.6898392E+00
         296 NaN             0.2784462E+03  0.6898392E+00
         297 -0.3503300E+01  0.2782621E+03  0.6898392E+00
         298 NaN             0.2851201E+03  0.6898392E+00
         299 -0.5504428E+01  0.2849426E+03  0.6898392E+00
         300 NaN             0.2919368E+03  0.6898392E+00
         301  0.2056636E+02  0.2917634E+03  0.6898392E+00
         302 NaN             0.2988959E+03  0.6898392E+00
         303 -0.5419427E+01  0.2987336E+03  0.6898392E+00
         304 NaN             0.3060010E+03  0.6898392E+00
         305 -0.4578123E+02  0.3058444E+03  0.6898392E+00
         306 NaN             0.3132578E+03  0.6898392E+00
         307  0.1607081E+02  0.3131085E+03  0.6898392E+00
         308 NaN             0.3206671E+03  0.6898392E+00
         309  0.3479147E+02  0.3205282E+03  0.6898392E+00
         310 NaN             0.3282324E+03  0.6898392E+00
         311  0.5084355E+02  0.3280992E+03  0.6898392E+00
         312 NaN             0.3359584E+03  0.6898392E+00
         313  0.1710897E+02  0.3358326E+03  0.6898392E+00
         314 NaN             0.3438423E+03  0.6898392E+00
         315  0.4614071E+01  0.3437277E+03  0.6898392E+00
         316 NaN             0.3518944E+03  0.6898392E+00
         317  0.3655030E+02  0.3517865E+03  0.6898392E+00
         318 NaN             0.3601141E+03  0.6898392E+00
         319  0.5446215E+02  0.3600135E+03  0.6898392E+00
         320 NaN             0.3685024E+03  0.6898392E+00
         321  0.7744195E+01  0.3684177E+03  0.6898392E+00
         322 NaN             0.3770645E+03  0.6898392E+00
         323  0.1881753E+02  0.3769933E+03  0.6898392E+00
         324 NaN             0.3858055E+03  0.6898392E+00
         325 -0.3461688E+02  0.3857380E+03  0.6898392E+00
         326 NaN             0.3947262E+03  0.6898392E+00
         327  0.2010507E+02  0.3946794E+03  0.6898392E+00
         328 NaN             0.4038337E+03  0.6898392E+00
         329  0.3342712E+02  0.4037889E+03  0.6898392E+00
         330 NaN             0.4131269E+03  0.6898392E+00
         331 -0.1467603E+02  0.4130962E+03  0.6898392E+00
         332 NaN             0.4226088E+03  0.6898392E+00
         333  0.6103257E+02  0.4225931E+03  0.6898392E+00
         334 NaN             0.4322884E+03  0.6898392E+00
         335  0.3001096E+02  0.4322873E+03  0.6898392E+00
         336 NaN             0.4421711E+03  0.6898392E+00
         337  0.2791115E+02  0.4421598E+03  0.6898392E+00
         338 NaN             0.4522397E+03  0.6898392E+00
         339  0.2253960E+02  0.4522497E+03  0.6898392E+00
         340 NaN             0.4625186E+03  0.6898392E+00
         341 -0.1275630E+02  0.4625391E+03  0.6898392E+00
         342 NaN             0.4730075E+03  0.6898392E+00
         343 -0.9164637E+01  0.4730406E+03  0.6898392E+00
         344 NaN             0.4837077E+03  0.6898392E+00
         345  0.7842693E+02  0.4837528E+03  0.6898392E+00
         346 NaN             0.4946237E+03  0.6898392E+00
         347  0.1135388E+02  0.4946830E+03  0.6898392E+00
         348 NaN             0.5057531E+03  0.6898392E+00
         349 -0.7778938E+01  0.5058260E+03  0.6898392E+00
         350 NaN             0.5171029E+03  0.6898392E+00
         351  0.4448863E+01  0.5171786E+03  0.6898392E+00
         352 NaN             0.5286884E+03  0.6898392E+00
         353 -0.9500951E+01  0.5287793E+03  0.6898392E+00
         354 NaN             0.5404916E+03  0.6898392E+00
         355  0.1228468E+02  0.5406028E+03  0.6898392E+00
         356 NaN             0.5525388E+03  0.6898392E+00
         357  0.9135162E+01  0.5526630E+03  0.6898392E+00
         358 NaN             0.5648130E+03  0.6898392E+00
         359  0.3671758E+02  0.5649559E+03  0.6898392E+00
         360 NaN             0.5773454E+03  0.6898392E+00
         361  0.5868735E+02  0.5774880E+03  0.6898392E+00
         362 NaN             0.5901043E+03  0.6898392E+00
         363 -0.1029813E+02  0.5902816E+03  0.6898392E+00
         364 NaN             0.6031240E+03  0.6898392E+00
         365  0.6223024E+02  0.6032972E+03  0.6898392E+00
         366 NaN             0.6163918E+03  0.6898392E+00
         367 -0.7200548E+01  0.6165828E+03  0.6898392E+00
         368 NaN             0.6299301E+03  0.6898392E+00
         369  0.2345004E+02  0.6301306E+03  0.6898392E+00
         370 NaN             0.6437243E+03  0.6898392E+00
         371  0.8023540E+02  0.6439515E+03  0.6898392E+00
         372 NaN             0.6577819E+03  0.6898392E+00
         373  0.4426840E+02  0.6580138E+03  0.6898392E+00
         374 NaN             0.6721171E+03  0.6898392E+00
         375 -0.4865668E+02  0.6723629E+03  0.6898392E+00
         376 NaN             0.6867184E+03  0.6898392E+00
         377  0.4192398E+02  0.6869865E+03  0.6898392E+00
         378 NaN             0.7016063E+03  0.6898392E+00
         379 -0.2741478E+02  0.7018964E+03  0.6898392E+00
         380 NaN             0.7167770E+03  0.6898392E+00
         381 -0.1936191E+01  0.7170739E+03  0.6898392E+00
         382 NaN             0.7322380E+03  0.6898392E+00
         383 -0.6724948E+01  0.7325490E+03  0.6898392E+00
         384 NaN             0.7479933E+03  0.6898392E+00
         385  0.1216413E+03  0.7483209E+03  0.6898392E+00
         386 NaN             0.7640468E+03  0.6898392E+00
         387 -0.5031719E+02  0.7643976E+03  0.6898392E+00
         388 NaN             0.7804039E+03  0.6898392E+00
         389  0.4795404E+02  0.7807761E+03  0.6898392E+00
         390 NaN             0.7970613E+03  0.6898392E+00
         391  0.4880563E+02  0.7974377E+03  0.6898392E+00
         392 NaN             0.8140390E+03  0.6898392E+00
         393  0.6745682E+01  0.8144362E+03  0.6898392E+00
         394 NaN             0.8313353E+03  0.6898392E+00
         395 -0.4362216E+01  0.8317498E+03  0.6898392E+00
         396 NaN             0.8489423E+03  0.6898392E+00
         397  0.1362345E+03  0.8493763E+03  0.6898392E+00
         398 NaN             0.8668835E+03  0.6898392E+00
         399 -0.2652532E+02  0.8673408E+03  0.6898392E+00
         400 NaN             0.8851589E+03  0.6898392E+00
         401  0.4136783E+02  0.8856267E+03  0.6898392E+00
         402 NaN             0.9037806E+03  0.6898392E+00
         403  0.7257458E+02  0.9042580E+03  0.6898392E+00
         404 NaN             0.9227263E+03  0.6898392E+00
         405  0.5927443E+02  0.9232318E+03  0.6898392E+00
         406 NaN             0.9420243E+03  0.6898392E+00
         407  0.5037466E+02  0.9425438E+03  0.6898392E+00
         408 NaN             0.9616823E+03  0.6898392E+00
         409 -0.4179316E+02  0.9622080E+03  0.6898392E+00
         410 NaN             0.9816858E+03  0.6898392E+00
         411 -0.5408390E+02  0.9822502E+03  0.6898392E+00
         412 NaN             0.1002073E+04  0.6898392E+00
         413  0.1966847E+03  0.1002645E+04  0.6898392E+00
         414 NaN             0.1022829E+04  0.6898392E+00
         415 -0.3643860E+02  0.1023424E+04  0.6898392E+00
         416 NaN             0.1043953E+04  0.6898392E+00
         417  0.9609625E+02  0.1044570E+04  0.6898392E+00
         418 NaN             0.1065464E+04  0.6898392E+00
         419 -0.4178729E+01  0.1066100E+04  0.6898392E+00
         420 NaN             0.1087362E+04  0.6898392E+00
         421  0.7179266E+02  0.1088034E+04  0.6898392E+00
         422 NaN             0.1109666E+04  0.6898392E+00
         423 -0.1092629E+03  0.1110355E+04  0.6898392E+00
         424 NaN             0.1132377E+04  0.6898392E+00
         425  0.9742912E+02  0.1133072E+04  0.6898392E+00
         426 NaN             0.1155492E+04  0.6898392E+00
         427  0.1118624E+03  0.1156217E+04  0.6898392E+00
         428 NaN             0.1179024E+04  0.6898392E+00
         429 -0.1152994E+03  0.1179778E+04  0.6898392E+00
         430 NaN             0.1202989E+04  0.6898392E+00
         431  0.1441655E+03  0.1203759E+04  0.6898392E+00
         432 NaN             0.1227381E+04  0.6898392E+00
         433 -0.1400775E+02  0.1228177E+04  0.6898392E+00
         434 NaN             0.1252218E+04  0.6898392E+00
         435  0.2036723E+03  0.1253038E+04  0.6898392E+00
         436 NaN             0.1277510E+04  0.6898392E+00
         437 -0.9258703E+02  0.1278361E+04  0.6898392E+00
         438 NaN             0.1303258E+04  0.6898392E+00
         439 -0.1589246E+02  0.1304133E+04  0.6898392E+00
         440 NaN             0.1329462E+04  0.6898392E+00
         441 -0.1923075E+02  0.1330369E+04  0.6898392E+00
         442 NaN             0.1356151E+04  0.6898392E+00
         443  0.9861822E+02  0.1357107E+04  0.6898392E+00
         444 NaN             0.1383329E+04  0.6898392E+00
         445 -0.1108577E+02  0.1384304E+04  0.6898392E+00
         446 NaN             0.1410994E+04  0.6898392E+00
         447  0.1556153E+03  0.1412001E+04  0.6898392E+00
         448 NaN             0.1439162E+04  0.6898392E+00
         449  0.2560699E+03  0.1440188E+04  0.6898392E+00
         450 NaN             0.1467836E+04  0.6898392E+00
         451  0.1008928E+03  0.1468917E+04  0.6898392E+00
         452 NaN             0.1497040E+04  0.6898392E+00
         453 -0.1011207E+03  0.1498139E+04  0.6898392E+00
         454 NaN             0.1526765E+04  0.6898392E+00
         455  0.1676980E+03  0.1527896E+04  0.6898392E+00
         456 NaN             0.1557014E+04  0.6898392E+00
         457 -0.1263056E+03  0.1558202E+04  0.6898392E+00
         458 NaN             0.1587833E+04  0.6898392E+00
         459 -0.1110916E+02  0.1589049E+04  0.6898392E+00
         460 NaN             0.1619190E+04  0.6898392E+00
         461 -0.2461538E+02  0.1620448E+04  0.6898392E+00
         462 NaN             0.1651111E+04  0.6898392E+00
         463 -0.2347364E+02  0.1652401E+04  0.6898392E+00
         464 NaN             0.1683622E+04  0.6898392E+00
         465 -0.2287780E+03  0.1684954E+04  0.6898392E+00
         466 NaN             0.1716704E+04  0.6898392E+00
         467  0.1676241E+03  0.1718077E+04  0.6898392E+00
         468 NaN             0.1750385E+04  0.6898392E+00
         469  0.2067079E+03  0.1751786E+04  0.6898392E+00
         470 NaN             0.1784667E+04  0.6898392E+00
         471 -0.1604796E+03  0.1786103E+04  0.6898392E+00
         472 NaN             0.1819555E+04  0.6898392E+00
         473  0.7917386E+02  0.1821036E+04  0.6898392E+00
         474 NaN             0.1855066E+04  0.6898392E+00
         475 -0.5315936E+02  0.1856606E+04  0.6898392E+00
         476 NaN             0.1891205E+04  0.6898392E+00
         477  0.3036389E+03  0.1892777E+04  0.6898392E+00
         478 NaN             0.1928003E+04  0.6898392E+00
         479 -0.1203449E+03  0.1929609E+04  0.6898392E+00
         480 NaN             0.1965427E+04  0.6898392E+00
         481 -0.8174786E+02  0.1967077E+04  0.6898392E+00
         482 NaN             0.2003514E+04  0.6898392E+00
         483  0.2005965E+03  0.2005224E+04  0.6898392E+00
         484 NaN             0.2042286E+04  0.6898392E+00
         485  0.1709628E+03  0.2044009E+04  0.6898392E+00
         486 NaN             0.2081730E+04  0.6898392E+00
         487 -0.5427041E+02  0.2083506E+04  0.6898392E+00
         488 NaN             0.2121860E+04  0.6898392E+00
         489  0.2646709E+03  0.2123691E+04  0.6898392E+00
         490 NaN             0.2162677E+04  0.6898392E+00
         491 -0.1626165E+03  0.2164558E+04  0.6898392E+00
         492 NaN             0.2204222E+04  0.6898392E+00
         493  0.1884479E+03  0.2206133E+04  0.6898392E+00
         494 NaN             0.2246484E+04  0.6898392E+00
         495 -0.1738322E+03  0.2248439E+04  0.6898392E+00
         496 NaN             0.2289485E+04  0.6898392E+00
         497  0.8449332E+02  0.2291482E+04  0.6898392E+00
         498 NaN             0.2333205E+04  0.6898392E+00
         499  0.4106040E+03  0.2335264E+04  0.6898392E+00
         500 NaN             0.2377693E+04  0.6898392E+00
         501 -0.1276372E+03  0.2379792E+04  0.6432783E+00
         502 NaN             0.2422946E+04  0.6432783E+00
         503  0.6327497E+02  0.2425075E+04  0.6432783E+00
         504 NaN             0.2468949E+04  0.6432783E+00
         505 -0.7572905E+02  0.2471122E+04  0.6432783E+00
         506 NaN             0.2515763E+04  0.6432783E+00
         507  0.2216553E+03  0.2517962E+04  0.6432783E+00
         508 NaN             0.2563343E+04  0.6432783E+00
         509 -0.2134944E+03  0.2565588E+04  0.6432783E+00
         510 NaN             0.2611744E+04  0.6432783E+00
         511  0.3993070E+03  0.2614046E+04  0.6432783E+00
         512 NaN             0.2660940E+04  0.6432783E+00
         513  0.4630570E+03  0.2663287E+04  0.6432783E+00
         514 NaN             0.2710971E+04  0.6432783E+00
         515 -0.4943633E+02  0.2713352E+04  0.6432783E+00
         516 NaN             0.2761824E+04  0.6432783E+00
         517 -0.4496521E+03  0.2764259E+04  0.6432783E+00
         518 NaN             0.2813528E+04  0.6432783E+00
         519 -0.2123997E+02  0.2815997E+04  0.6432783E+00
         520 NaN             0.2866083E+04  0.6432783E+00
         521 -0.3579174E+02  0.2868593E+04  0.6432783E+00
         522 NaN             0.2919500E+04  0.6432783E+00
         523 -0.1156708E+03  0.2922053E+04  0.6432783E+00
         524 NaN             0.2973815E+04  0.6432783E+00
         525 -0.3629485E+03  0.2976375E+04  0.6432783E+00
         526 NaN             0.3028979E+04  0.6432783E+00
         527 -0.2849997E+02  0.3031567E+04  0.6432783E+00
         528 NaN             0.3085045E+04  0.6432783E+00
         529  0.1111312E+03  0.3087694E+04  0.6432783E+00
         530 NaN             0.3142023E+04  0.6432783E+00
         531 -0.6474744E+02  0.3144712E+04  0.6432783E+00
         532 NaN             0.3199917E+04  0.6432783E+00
         533  0.1281647E+03  0.3202632E+04  0.6432783E+00
         534 NaN             0.3258726E+04  0.6432783E+00
         535 -0.9765031E+02  0.3261462E+04  0.6432783E+00
         536 NaN             0.3318463E+04  0.6432783E+00
         537  0.1846080E+03  0.3321249E+04  0.6432783E+00
         538 NaN             0.3379173E+04  0.6432783E+00
         539 -0.3138613E+03  0.3381965E+04  0.6432783E+00
         540 NaN             0.3440821E+04  0.6432783E+00
         541  0.3322605E+03  0.3443646E+04  0.6432783E+00
         542 NaN             0.3503433E+04  0.6432783E+00
         543 -0.4230387E+03  0.3506296E+04  0.6432783E+00
         544 NaN             0.3567033E+04  0.6432783E+00
         545 -0.2159530E+03  0.3569921E+04  0.6432783E+00
         546 NaN             0.3631617E+04  0.6432783E+00
         547 -0.2108090E+03  0.3634530E+04  0.6432783E+00
         548 NaN             0.3697211E+04  0.6432783E+00
         549  0.8552984E+02  0.3700164E+04  0.6432783E+00
         550 NaN             0.3763826E+04  0.6432783E+00
         551 -0.4540232E+01  0.3766803E+04  0.6432783E+00
         552 NaN             0.3831475E+04  0.6432783E+00
         553  0.3310934E+03  0.3834494E+04  0.6432783E+00
         554 NaN             0.3900157E+04  0.6432783E+00
         555 -0.3799266E+03  0.3903228E+04  0.6432783E+00
         556 NaN             0.3969924E+04  0.6432783E+00
         557 -0.2094723E+03  0.3973015E+04  0.6432783E+00
         558 NaN             0.4040780E+04  0.6432783E+00
         559 -0.2819283E+03  0.4043884E+04  0.6432783E+00
         560 NaN             0.4112708E+04  0.6432783E+00
         561 -0.3183406E+03  0.4115850E+04  0.6432783E+00
         562 NaN             0.4185775E+04  0.6432783E+00
         563  0.1267700E+03  0.4188920E+04  0.6432783E+00
         564 NaN             0.4259950E+04  0.6432783E+00
         565 -0.4017917E+03  0.4263186E+04  0.6432783E+00
         566 NaN             0.4335296E+04  0.6432783E+00
         567  0.2432614E+03  0.4338586E+04  0.6432783E+00
         568 NaN             0.4411814E+04  0.6432783E+00
         569 -0.1548726E+03  0.4415124E+04  0.6432783E+00
         570 NaN             0.4489497E+04  0.6432783E+00
         571  0.3324063E+03  0.4492919E+04  0.6432783E+00
         572 NaN             0.4568470E+04  0.6432783E+00
         573 -0.7302152E+02  0.4571866E+04  0.6432783E+00
         574 NaN             0.4648676E+04  0.6432783E+00
         575 -0.2219574E+03  0.4652125E+04  0.6432783E+00
         576 NaN             0.4730153E+04  0.6432783E+00
         577  0.3739056E+03  0.4733587E+04  0.6432783E+00
         578 NaN             0.4812845E+04  0.6432783E+00
         579  0.2318697E+03  0.4816502E+04  0.6432783E+00
         580 NaN             0.4896862E+04  0.6432783E+00
         581 -0.9999469E+02  0.4900610E+04  0.6432783E+00
         582 NaN             0.4982235E+04  0.6432783E+00
         583 -0.5261562E+03  0.4985889E+04  0.6432783E+00
         584 NaN             0.5068908E+04  0.6432783E+00
         585 -0.3840203E+03  0.5072787E+04  0.6432783E+00
         586 NaN             0.5157163E+04  0.6432783E+00
         587 -0.1911860E+02  0.5161040E+04  0.6432783E+00
         588 NaN             0.5246769E+04  0.6432783E+00
         589  0.3929809E+03  0.5250751E+04  0.6432783E+00
         590 NaN             0.5337650E+04  0.6432783E+00
         591  0.5127157E+03  0.5341678E+04  0.6432783E+00
         592 NaN             0.5430215E+04  0.6432783E+00
         593  0.6966263E+02  0.5434307E+04  0.6432783E+00
         594 NaN             0.5524054E+04  0.6432783E+00
         595  0.5548219E+02  0.5528493E+04  0.6432783E+00
         596 NaN             0.5619544E+04  0.6432783E+00
         597 -0.5858772E+03  0.5623995E+04  0.6432783E+00
         598 NaN             0.5716686E+04  0.6432783E+00
         599  0.2438818E+03  0.5721088E+04  0.6432783E+00
         600 NaN             0.5815394E+04  0.6432783E+00
         601 -0.8856136E+02  0.5819870E+04  0.6432783E+00
         602 NaN             0.5915551E+04  0.6432783E+00
         603  0.1614371E+03  0.5920237E+04  0.6432783E+00
         604 NaN             0.6017383E+04  0.6432783E+00
         605  0.3254437E+03  0.6022140E+04  0.6432783E+00
         606 NaN             0.6121049E+04  0.6432783E+00
         607  0.2950617E+02  0.6125783E+04  0.6432783E+00
         608 NaN             0.6226193E+04  0.6432783E+00
         609  0.4034160E+03  0.6230947E+04  0.6432783E+00
         610 NaN             0.6333119E+04  0.6432783E+00
         611 -0.3099553E+03  0.6338205E+04  0.6432783E+00
         612 NaN             0.6441735E+04  0.6432783E+00
         613 -0.3849675E+03  0.6446987E+04  0.6432783E+00
         614 NaN             0.6552212E+04  0.6432783E+00
         615  0.4515321E+03  0.6557567E+04  0.6432783E+00
         616 NaN             0.6664462E+04  0.6432783E+00
         617 -0.9594251E+02  0.6669723E+04  0.6432783E+00
         618 NaN             0.6778458E+04  0.6432783E+00
         619 -0.2428990E+03  0.6783894E+04  0.6432783E+00
         620 NaN             0.6894389E+04  0.6432783E+00
         621  0.4092745E+02  0.6899845E+04  0.6432783E+00
         622 NaN             0.7012259E+04  0.6432783E+00
         623 -0.6519337E+02  0.7017921E+04  0.6432783E+00
         624 NaN             0.7131821E+04  0.6432783E+00
         625  0.5639973E+03  0.7137744E+04  0.6432783E+00
         626 NaN             0.7253440E+04  0.6432783E+00
         627  0.6270746E+03  0.7259432E+04  0.6432783E+00
         628 NaN             0.7376926E+04  0.6432783E+00
         629 -0.4765402E+03  0.7382941E+04  0.6432783E+00
         630 NaN             0.7502437E+04  0.6432783E+00
         631  0.6217596E+03  0.7508738E+04  0.6432783E+00
         632 NaN             0.7630000E+04  0.6432783E+00
         633  0.2737825E+03  0.7636350E+04  0.6432783E+00
         634 NaN             0.7759656E+04  0.6432783E+00
         635 -0.1512492E+03  0.7766048E+04  0.6432783E+00
         636 NaN             0.7891256E+04  0.6432783E+00
         637 -0.1217296E+03  0.7898019E+04  0.6432783E+00
         638 NaN             0.8025272E+04  0.6432783E+00
         639  0.4666204E+03  0.8031646E+04  0.6432783E+00
         640 NaN             0.8161070E+04  0.6432783E+00
         641  0.2868470E+03  0.8167807E+04  0.6432783E+00
         642 NaN             0.8299237E+04  0.6432783E+00
         643  0.7854534E+03  0.8306230E+04  0.6432783E+00
         644 NaN             0.8439313E+04  0.6432783E+00
         645 -0.4051841E+03  0.8446546E+04  0.6432783E+00
         646 NaN             0.8581808E+04  0.6432783E+00
         647  0.5791978E+03  0.8589180E+04  0.6432783E+00
         648 NaN             0.8726855E+04  0.6432783E+00
         649  0.1584091E+03  0.8733965E+04  0.6432783E+00
         650 NaN             0.8873812E+04  0.6432783E+00
         651  0.7929955E+02  0.8881256E+04  0.6432783E+00
         652 NaN             0.9023310E+04  0.6432783E+00
         653 -0.4183086E+03  0.9030899E+04  0.6432783E+00
         654 NaN             0.9175184E+04  0.6432783E+00
         655  0.2285700E+03  0.9182936E+04  0.6432783E+00
         656 NaN             0.9329318E+04  0.6432783E+00
         657 -0.1237547E+03  0.9337311E+04  0.6432783E+00
         658 NaN             0.9486032E+04  0.6432783E+00
         659 -0.3989439E+03  0.9494016E+04  0.6432783E+00
         660 NaN             0.9645237E+04  0.6432783E+00
         661 -0.5185463E+03  0.9653569E+04  0.6432783E+00
         662 NaN             0.9806913E+04  0.6432783E+00
         663 -0.2320755E+03  0.9815281E+04  0.6432783E+00
         664 NaN             0.9971336E+04  0.6432783E+00
         665  0.6498494E+03  0.9979826E+04  0.6432783E+00
         666 NaN             0.1013814E+05  0.6432783E+00
         667 -0.6240562E+03  0.1014695E+05  0.6432783E+00
         668 NaN             0.1030756E+05  0.6432783E+00
         669 -0.4762981E+03  0.1031650E+05  0.6432783E+00
         670 NaN             0.1047972E+05  0.6432783E+00
         671  0.4279384E+03  0.1048893E+05  0.6432783E+00
         672 NaN             0.1065476E+05  0.6432783E+00
         673  0.3494889E+03  0.1066394E+05  0.6432783E+00
         674 NaN             0.1083254E+05  0.6432783E+00
         675 -0.5260210E+03  0.1084206E+05  0.6432783E+00
         676 NaN             0.1101293E+05  0.6432783E+00
         677 -0.1420662E+03  0.1102257E+05  0.6432783E+00
         678 NaN             0.1119634E+05  0.6432783E+00
         679 -0.1088267E+04  0.1120593E+05  0.6432783E+00
         680 NaN             0.1138238E+05  0.6432783E+00
         681 -0.7764069E+03  0.1139221E+05  0.6432783E+00
         682 NaN             0.1157153E+05  0.6432783E+00
         683  0.1153009E+04  0.1158155E+05  0.6432783E+00
         684 NaN             0.1176357E+05  0.6432783E+00
         685  0.5603679E+02  0.1177375E+05  0.6432783E+00
         686 NaN             0.1195856E+05  0.6432783E+00
         687 -0.3518108E+03  0.1196906E+05  0.6432783E+00
         688 NaN             0.1215654E+05  0.6432783E+00
         689  0.6728284E+03  0.1216726E+05  0.6432783E+00
         690 NaN             0.1235753E+05  0.6432783E+00
         691 -0.6395621E+03  0.1236826E+05  0.6432783E+00
         692 NaN             0.1256172E+05  0.6432783E+00
         693  0.1369786E+04  0.1257242E+05  0.6432783E+00
         694 NaN             0.1276889E+05  0.6432783E+00
         695  0.4143595E+02  0.1277986E+05  0.6432783E+00
         696 NaN             0.1297930E+05  0.6432783E+00
         697 -0.1374034E+04  0.1299040E+05  0.6432783E+00
         698 NaN             0.1319274E+05  0.6432783E+00
         699 -0.8464615E+03  0.1320423E+05  0.6432783E+00
         700 NaN             0.1340953E+05  0.6432783E+00
         701  0.1761381E+04  0.1342093E+05  0.6432783E+00
         702 NaN             0.1362949E+05  0.6432783E+00
         703  0.3078873E+03  0.1364110E+05  0.6432783E+00
         704 NaN             0.1385278E+05  0.6432783E+00
         705  0.1333011E+04  0.1386436E+05  0.6432783E+00
         706 NaN             0.1407937E+05  0.6432783E+00
         707  0.7458362E+03  0.1409120E+05  0.6432783E+00
         708 NaN             0.1430923E+05  0.6432783E+00
         709  0.3095389E+03  0.1432104E+05  0.6432783E+00
         710 NaN             0.1454252E+05  0.6432783E+00
         711  0.2859217E+03  0.1455438E+05  0.6432783E+00
         712 NaN             0.1477916E+05  0.6432783E+00
         713  0.6286003E+03  0.1479123E+05  0.6432783E+00
         714 NaN             0.1501935E+05  0.6432783E+00
         715 -0.1427278E+04  0.1503163E+05  0.6432783E+00
         716 NaN             0.1526305E+05  0.6432783E+00
         717 -0.6419603E+03  0.1527549E+05  0.6432783E+00
         718 NaN             0.1551021E+05  0.6432783E+00
         719 -0.1067946E+04  0.1552259E+05  0.6432783E+00
         720 NaN             0.1576099E+05  0.6432783E+00
         721  0.9486223E+03  0.1577367E+05  0.6432783E+00
         722 NaN             0.1601526E+05  0.6432783E+00
         723  0.1353262E+04  0.1602789E+05  0.6432783E+00
         724 NaN             0.1627336E+05  0.6432783E+00
         725  0.9745459E+03  0.1628615E+05  0.6432783E+00
         726 NaN             0.1653502E+05  0.6432783E+00
         727  0.1006009E+04  0.1654807E+05  0.6432783E+00
         728 NaN             0.1680060E+05  0.6432783E+00
         729  0.4204535E+03  0.1681344E+05  0.6432783E+00
         730 NaN             0.1706991E+05  0.6432783E+00
         731 -0.8563201E+03  0.1708293E+05  0.6432783E+00
         732 NaN             0.1734303E+05  0.6432783E+00
         733  0.8236868E+03  0.1735607E+05  0.6432783E+00
         734 NaN             0.1762001E+05  0.6432783E+00
         735  0.4808783E+03  0.1763332E+05  0.6432783E+00
         736 NaN             0.1790098E+05  0.6432783E+00
         737  0.5369735E+02  0.1791419E+05  0.6432783E+00
         738 NaN             0.1818590E+05  0.6432783E+00
         739 -0.5778098E+03  0.1819919E+05  0.6432783E+00
         740 NaN             0.1847496E+05  0.6432783E+00
         741 -0.1104116E+04  0.1848830E+05  0.6432783E+00
         742 NaN             0.1876819E+05  0.6432783E+00
         743 -0.3643818E+03  0.1878140E+05  0.6432783E+00
         744 NaN             0.1906536E+05  0.6432783E+00
         745  0.1368461E+04  0.1907879E+05  0.6432783E+00
         746 NaN             0.1936682E+05  0.6432783E+00
         747 -0.3387440E+03  0.1938050E+05  0.6432783E+00
         748 NaN             0.1967280E+05  0.6432783E+00
         749 -0.7945239E+01  0.1968645E+05  0.6432783E+00
         750 NaN             0.1998271E+05  0.6432783E+00
         751  0.4415651E+03  0.1999689E+05  0.6432783E+00
         752 NaN             0.2029734E+05  0.6432783E+00
         753 -0.2004897E+04  0.2031125E+05  0.6432783E+00
         754 NaN             0.2061625E+05  0.6432783E+00
         755  0.4628289E+03  0.2063024E+05  0.6432783E+00
         756 NaN             0.2093953E+05  0.6432783E+00
         757  0.9973546E+03  0.2095382E+05  0.6432783E+00
         758 NaN             0.2126768E+05  0.6432783E+00
         759  0.1813674E+04  0.2128185E+05  0.6432783E+00
         760 NaN             0.2160034E+05  0.6432783E+00
         761 -0.2350301E+04  0.2161462E+05  0.6432783E+00
         762 NaN             0.2193776E+05  0.6432783E+00
         763  0.6086558E+03  0.2195232E+05  0.6432783E+00
         764 NaN             0.2227993E+05  0.6432783E+00
         765 -0.1789978E+03  0.2229456E+05  0.6432783E+00
         766 NaN             0.2262688E+05  0.6432783E+00
         767 -0.5865416E+03  0.2264136E+05  0.6432783E+00
         768 NaN             0.2297854E+05  0.6432783E+00
         769  0.6541912E+03  0.2299355E+05  0.6432783E+00
         770 NaN             0.2333538E+05  0.6432783E+00
         771  0.1971081E+04  0.2335042E+05  0.6432783E+00
         772 NaN             0.2369706E+05  0.6432783E+00
         773  0.5759164E+03  0.2371191E+05  0.6432783E+00
         774 NaN             0.2406384E+05  0.6432783E+00
         775  0.1921777E+04  0.2407896E+05  0.6432783E+00
         776 NaN             0.2443588E+05  0.6432783E+00
         777 -0.5018133E+03  0.2445115E+05  0.6432783E+00
         778 NaN             0.2481288E+05  0.6432783E+00
         779 -0.1557937E+04  0.2482827E+05  0.6432783E+00
         780 NaN             0.2519524E+05  0.6432783E+00
         781  0.2018108E+03  0.2521047E+05  0.6432783E+00
         782 NaN             0.2558297E+05  0.6432783E+00
         783  0.1654181E+04  0.2559806E+05  0.6432783E+00
         784 NaN             0.2597594E+05  0.6432783E+00
         785 -0.7368361E+03  0.2599141E+05  0.6432783E+00
         786 NaN             0.2637443E+05  0.6432783E+00
         787  0.8997983E+03  0.2638986E+05  0.6432783E+00
         788 NaN             0.2677836E+05  0.6432783E+00
         789 -0.7861009E+03  0.2679394E+05  0.6432783E+00
         790 NaN             0.2718785E+05  0.6432783E+00
         791  0.4084894E+03  0.2720372E+05  0.6432783E+00
         792 NaN             0.2760295E+05  0.6432783E+00
         793  0.1023284E+03  0.2761863E+05  0.6432783E+00
         794 NaN             0.2802386E+05  0.6432783E+00
         795 -0.5943530E+01  0.2803944E+05  0.6432783E+00
         796 NaN             0.2845038E+05  0.6432783E+00
         797  0.6560928E+02  0.2846612E+05  0.6432783E+00
         798 NaN             0.2888258E+05  0.6432783E+00
         799 -0.1840209E+04  0.2889846E+05  0.6432783E+00
         800 NaN             0.2932078E+05  0.6432783E+00
