           2 -0.8595666E-01 -0.4104024E-01  0.1118786E-01  0.3420310E-01  0.9148877E+00  0.9077661E+00
           3  0.9283994E-01  0.1124424E+01  0.2013950E-01  0.5033340E-01  0.8925613E+00  0.8869326E+00
           4  0.1891617E+00 -0.5771287E-01  0.3138099E-01  0.6878599E-01  0.8937648E+00  0.8891003E+00
           5 -0.1057427E-01 -0.1991317E+00  0.4489237E-01  0.8954903E-01  0.8978959E+00  0.8939233E+00
           6 -0.7068195E-02  0.7520960E-01  0.6065825E-01  0.1126082E+00  0.9005176E+00  0.8971120E+00
           7 -0.1307682E+00  0.1637958E+00  0.7867429E-01  0.1379592E+00  0.9020758E+00  0.8991281E+00
           8 -0.1001274E+00 -0.8063233E-02  0.9893528E-01  0.1656001E+00  0.9029752E+00  0.9004052E+00
           9  0.2009656E+00 -0.3820845E+00  0.1214421E+00  0.1955264E+00  0.9037544E+00  0.9015234E+00
          10 -0.2104749E+00  0.3090679E-01  0.1461950E+00  0.2277389E+00  0.9043982E+00  0.9024613E+00
          11 -0.3487551E-01  0.2696516E+00  0.1731968E+00  0.2622407E+00  0.9050624E+00  0.9033533E+00
          12  0.1743117E+00  0.4042052E-01  0.2024510E+00  0.2990331E+00  0.9057022E+00  0.9042048E+00
          13 -0.6532447E-01  0.3365039E+00  0.2339627E+00  0.3381226E+00  0.9062532E+00  0.9049484E+00
          14 -0.2156766E-01 -0.1300164E+00  0.2677398E+00  0.3795101E+00  0.9066891E+00  0.9055409E+00
          15  0.6313407E+00  0.8862171E-01  0.3037840E+00  0.4232099E+00  0.9071268E+00  0.9061190E+00
          16  0.1480659E-01  0.2959269E+00  0.3421102E+00  0.4692287E+00  0.9074668E+00  0.9066104E+00
          17 -0.1903148E+00  0.2305560E+00  0.3827254E+00  0.5175626E+00  0.9077767E+00  0.9070221E+00
          18 -0.1577450E+00  0.3503838E-01  0.4256401E+00  0.5682297E+00  0.9080434E+00  0.9073754E+00
          19 -0.1423217E+00 -0.3819976E+00  0.4708460E+00  0.6212489E+00  0.9082575E+00  0.9077037E+00
          20 -0.1335659E+00  0.5561817E+00  0.5183750E+00  0.6766007E+00  0.9084690E+00  0.9079935E+00
          21  0.4370829E+00 -0.2182057E+00  0.5682344E+00  0.7343231E+00  0.9086215E+00  0.9082173E+00
          22 -0.9438530E-01 -0.2742600E+00  0.6204383E+00  0.7944196E+00  0.9087551E+00  0.9084113E+00
          23  0.3377860E+00  0.2706660E+00  0.6749834E+00  0.8569151E+00  0.9088634E+00  0.9086004E+00
          24  0.4482257E-01  0.2818292E+00  0.7319020E+00  0.9218033E+00  0.9089844E+00  0.9087668E+00
          25  0.3524465E+00 -0.1810509E+00  0.7911896E+00  0.9891063E+00  0.9090610E+00  0.9088966E+00
          26 -0.1315407E+00  0.8315842E-01  0.8528622E+00  0.1058829E+01  0.9091133E+00  0.9089994E+00
          27 -0.2667074E-01  0.4181197E+00  0.9169496E+00  0.1131011E+01  0.9091747E+00  0.9091012E+00
          28  0.4101883E-01 -0.9831519E-01  0.9834563E+00  0.1205636E+01  0.9092214E+00  0.9091865E+00
          29  0.7491195E+00  0.3462365E-01  0.1052388E+01  0.1282738E+01  0.9092397E+00  0.9092614E+00
          30  0.5842389E+00 -0.1096300E+00  0.1123781E+01  0.1362333E+01  0.9092709E+00  0.9093167E+00
          31  0.3237417E+00  0.1354961E+01  0.1197649E+01  0.1444429E+01  0.9092977E+00  0.9093617E+00
          32  0.5718234E+00  0.1617970E+00  0.1273983E+01  0.1529052E+01  0.9093049E+00  0.9094099E+00
          33  0.9331199E-01  0.1233677E+01  0.1352827E+01  0.1616213E+01  0.9093097E+00  0.9094387E+00
          34 -0.1429264E+00 -0.4322704E+00  0.1434179E+01  0.1705937E+01  0.9093078E+00  0.9094659E+00
          35  0.5404928E+00  0.6160171E+00  0.1518080E+01  0.1798228E+01  0.9093001E+00  0.9094774E+00
          36  0.1439910E+00  0.3470283E+00  0.1604532E+01  0.1893116E+01  0.9092988E+00  0.9094948E+00
          37  0.9652111E-01 -0.6180710E-01  0.1693549E+01  0.1990621E+01  0.9092859E+00  0.9095027E+00
          38 -0.5497625E+00 -0.3328386E+00  0.1785156E+01  0.2090765E+01  0.9092675E+00  0.9095077E+00
          39 -0.3309119E+00  0.1670777E+00  0.1879377E+01  0.2193561E+01  0.9092451E+00  0.9095058E+00
          40  0.9733029E-01  0.1130523E-01  0.1976235E+01  0.2299022E+01  0.9092307E+00  0.9095011E+00
          41  0.5715791E+00  0.1000632E+01  0.2075737E+01  0.2407181E+01  0.9092044E+00  0.9094967E+00
          42  0.5100813E+00 -0.8883286E+00  0.2177921E+01  0.2518065E+01  0.9091810E+00  0.9094706E+00
          43  0.2032175E+00  0.3469764E+00  0.2282794E+01  0.2631672E+01  0.9091399E+00  0.9094453E+00
          44  0.2695753E-01  0.2243186E+01  0.2390373E+01  0.2748066E+01  0.9091125E+00  0.9094409E+00
          45  0.4530022E+00 -0.1472995E-01  0.2500688E+01  0.2867203E+01  0.9090867E+00  0.9094006E+00
          46 -0.2826078E+00 -0.4513075E+00  0.2613769E+01  0.2989170E+01  0.9090419E+00  0.9093923E+00
          47  0.1842342E+00  0.4872626E+00  0.2729631E+01  0.3113941E+01  0.9090115E+00  0.9093476E+00
          48  0.1298754E+01  0.3500797E+00  0.2848289E+01  0.3241585E+01  0.9089639E+00  0.9093281E+00
          49  0.1908945E+00  0.8867047E+00  0.2969784E+01  0.3372120E+01  0.9089374E+00  0.9093155E+00
          50 -0.6750737E+00 -0.4807411E+00  0.3094165E+01  0.3505557E+01  0.9089136E+00  0.9092795E+00
          51 -0.5010799E+00  0.1417421E+00  0.3221318E+01  0.3641874E+01  0.9088314E+00  0.9092341E+00
          52  0.7713649E+00  0.6093136E+00  0.3351473E+01  0.3781234E+01  0.9088119E+00  0.9091840E+00
          53  0.7583252E+00 -0.4567861E+00  0.3484512E+01  0.3923472E+01  0.9087566E+00  0.9091530E+00
          54  0.2325348E-01 -0.8000459E+00  0.3620544E+01  0.4068840E+01  0.9087138E+00  0.9091299E+00
          55 -0.4301990E+00 -0.7272999E+00  0.3759532E+01  0.4217040E+01  0.9086758E+00  0.9090641E+00
          56  0.5214719E-01  0.6525909E-01  0.3901477E+01  0.4368483E+01  0.9086058E+00  0.9090279E+00
          57  0.6420756E+00  0.3179896E+00  0.4046482E+01  0.4522889E+01  0.9085715E+00  0.9089825E+00
          58 -0.1077807E+00 -0.1442443E+01  0.4194483E+01  0.4680504E+01  0.9085116E+00  0.9089464E+00
          59 -0.6413329E+00  0.6008073E+00  0.4345730E+01  0.4841156E+01  0.9084481E+00  0.9088963E+00
          60  0.8169541E+00 -0.1671667E+00  0.4499918E+01  0.5004980E+01  0.9083810E+00  0.9088215E+00
          61  0.1668101E+01 -0.1726289E+01  0.4657351E+01  0.5172136E+01  0.9083327E+00  0.9087899E+00
          62 -0.1011658E+01 -0.1184853E+01  0.4817945E+01  0.5342386E+01  0.9082836E+00  0.9087379E+00
          63  0.9345843E+00  0.2585805E+00  0.4981679E+01  0.5516019E+01  0.9082147E+00  0.9086855E+00
          64  0.5150712E+00  0.1415210E+01  0.5148729E+01  0.5692788E+01  0.9081778E+00  0.9086224E+00
          65  0.4882950E+00  0.2816637E+01  0.5319022E+01  0.5872973E+01  0.9081270E+00  0.9085770E+00
          66  0.8320675E+00 -0.1265744E+01  0.5492560E+01  0.6056450E+01  0.9080536E+00  0.9085142E+00
          67  0.4795816E+00 -0.3263763E+00  0.5669438E+01  0.6243396E+01  0.9080039E+00  0.9084542E+00
          68 -0.1984088E+00 -0.1457357E+01  0.5849719E+01  0.6433679E+01  0.9079371E+00  0.9083805E+00
          69 -0.1186025E+01  0.2306110E+01  0.6033302E+01  0.6627444E+01  0.9078739E+00  0.9083212E+00
          70  0.5659406E+00  0.7838257E+00  0.6220340E+01  0.6824734E+01  0.9078177E+00  0.9082692E+00
          71  0.1345071E+01 -0.1978541E+01  0.6410896E+01  0.7025539E+01  0.9077592E+00  0.9082000E+00
          72 -0.1164536E+01 -0.1864298E+01  0.6604790E+01  0.7229869E+01  0.9076625E+00  0.9081436E+00
          73 -0.3138961E+00 -0.7994541E+00  0.6802316E+01  0.7437782E+01  0.9076006E+00  0.9080711E+00
          74  0.1115191E+01  0.1461365E+00  0.7003422E+01  0.7649375E+01  0.9075332E+00  0.9080216E+00
          75  0.1335842E+01  0.1992613E+01  0.7208062E+01  0.7864681E+01  0.9074658E+00  0.9079621E+00
          76  0.2062440E+01 -0.4862849E-01  0.7416368E+01  0.8083505E+01  0.9073933E+00  0.9078770E+00
          77  0.2395677E+01 -0.2082029E+00  0.7628379E+01  0.8306141E+01  0.9073413E+00  0.9078100E+00
          78  0.1147863E+01  0.5777159E+00  0.7844066E+01  0.8532566E+01  0.9072646E+00  0.9077288E+00
          79 -0.5210018E+00 -0.2142087E+01  0.8063494E+01  0.8762864E+01  0.9071926E+00  0.9076661E+00
          80  0.7164208E+00  0.5489003E+00  0.8286743E+01  0.8996863E+01  0.9071298E+00  0.9076006E+00
          81  0.1490853E+01 -0.6113709E+00  0.8513611E+01  0.9234797E+01  0.9070312E+00  0.9075106E+00
          82  0.3011082E+01 -0.2083015E+01  0.8744558E+01  0.9476735E+01  0.9069687E+00  0.9074349E+00
          83  0.2934217E+01 -0.2414677E+01  0.8979327E+01  0.9722561E+01  0.9068831E+00  0.9073557E+00
          84 -0.2152078E+00  0.2986047E+00  0.9217938E+01  0.9972519E+01  0.9067928E+00  0.9072923E+00
          85  0.1464337E+01 -0.6590672E+00  0.9460577E+01  0.1022645E+02  0.9067217E+00  0.9072133E+00
          86  0.1819817E+01  0.1031277E+01  0.9707427E+01  0.1048454E+02  0.9066413E+00  0.9071312E+00
          87 -0.1014423E+01  0.9305453E+00  0.9958107E+01  0.1074671E+02  0.9065594E+00  0.9070431E+00
          88  0.4141466E+01 -0.1724646E+01  0.1021301E+02  0.1101315E+02  0.9064760E+00  0.9069678E+00
          89  0.2479250E+01  0.2027002E+01  0.1047209E+02  0.1128368E+02  0.9064054E+00  0.9068888E+00
          90 -0.1889483E+00  0.1746177E+01  0.1073522E+02  0.1155857E+02  0.9063162E+00  0.9068013E+00
          91  0.5759876E+00 -0.9354838E+00  0.1100269E+02  0.1183779E+02  0.9062197E+00  0.9067200E+00
          92  0.2307846E+01  0.1511474E-01  0.1127442E+02  0.1212132E+02  0.9061366E+00  0.9066262E+00
          93  0.1330942E+01  0.5573578E+01  0.1155047E+02  0.1240937E+02  0.9060560E+00  0.9065463E+00
          94  0.2367505E+01 -0.1058137E+00  0.1183082E+02  0.1270183E+02  0.9059559E+00  0.9064655E+00
          95 -0.2567401E+01  0.6582701E+00  0.1211570E+02  0.1299869E+02  0.9058690E+00  0.9063597E+00
          96  0.1277914E+01 -0.1168345E+01  0.1240505E+02  0.1330021E+02  0.9057863E+00  0.9062734E+00
          97  0.1557213E+01 -0.2534010E+01  0.1269890E+02  0.1360626E+02  0.9056910E+00  0.9061850E+00
          98  0.1230155E+01  0.1123821E+01  0.1299721E+02  0.1391709E+02  0.9055969E+00  0.9061027E+00
          99  0.2745753E+01  0.7535647E+00  0.1330021E+02  0.1423251E+02  0.9054990E+00  0.9060023E+00
         100 -0.1676283E+01  0.1742342E+01  0.1360787E+02  0.1455267E+02  0.9054059E+00  0.9059062E+00
         101  0.1500783E+01  0.1962342E+01  0.1392032E+02  0.1487764E+02  0.9053193E+00  0.9058148E+00
         102 -0.2735449E+01 -0.1509288E+01  0.1423731E+02  0.1520756E+02  0.9052174E+00  0.9057206E+00
         103  0.4796287E+00  0.1884798E+01  0.1455921E+02  0.1554224E+02  0.9051183E+00  0.9056239E+00
         104 -0.2826422E+01  0.1276417E+01  0.1488607E+02  0.1588187E+02  0.9050195E+00  0.9055265E+00
         105  0.5703653E+00  0.2097843E+01  0.1521770E+02  0.1622665E+02  0.9049260E+00  0.9054313E+00
         106  0.2420386E+01 -0.5516766E+00  0.1555437E+02  0.1657641E+02  0.9048300E+00  0.9053345E+00
         107 -0.3259898E+01  0.2709547E+01  0.1589609E+02  0.1693122E+02  0.9047315E+00  0.9052267E+00
         108  0.5112097E+01  0.8796543E+00  0.1624277E+02  0.1729138E+02  0.9046339E+00  0.9051385E+00
         109  0.1781603E+01 -0.2696987E+01  0.1659454E+02  0.1765660E+02  0.9045199E+00  0.9050381E+00
         110  0.5266387E+01  0.5550223E+00  0.1695168E+02  0.1802708E+02  0.9044316E+00  0.9049264E+00
         111  0.5704748E+01  0.3508636E+01  0.1731390E+02  0.1840309E+02  0.9043214E+00  0.9048362E+00
         112 -0.7710729E+00 -0.1350549E+01  0.1768142E+02  0.1878420E+02  0.9042168E+00  0.9047211E+00
         113  0.3035180E+01 -0.9853528E+00  0.1805438E+02  0.1917097E+02  0.9041142E+00  0.9046193E+00
         114  0.3426890E+01 -0.3055306E+01  0.1843258E+02  0.1956318E+02  0.9040124E+00  0.9045234E+00
         115  0.5022728E+00 -0.5058249E-01  0.1881631E+02  0.1996096E+02  0.9039024E+00  0.9044203E+00
         116  0.3462066E+01 -0.3428112E+01  0.1920560E+02  0.2036423E+02  0.9038047E+00  0.9043028E+00
         117  0.6164468E+01  0.3781781E+01  0.1960045E+02  0.2077338E+02  0.9036968E+00  0.9042000E+00
         118  0.2003832E+01  0.2489762E+01  0.2000082E+02  0.2118817E+02  0.9035878E+00  0.9041007E+00
         119  0.2519182E+01 -0.4212028E+00  0.2040699E+02  0.2160876E+02  0.9034828E+00  0.9039902E+00
         120  0.4775684E+01  0.7755423E+00  0.2081875E+02  0.2203525E+02  0.9033653E+00  0.9038894E+00
         121  0.3610748E+01  0.4092776E+01  0.2123647E+02  0.2246753E+02  0.9032629E+00  0.9037750E+00
         122  0.4806901E+00  0.8293142E+00  0.2165990E+02  0.2290587E+02  0.9031543E+00  0.9036649E+00
         123 -0.1952269E+01 -0.6431551E+00  0.2208938E+02  0.2335031E+02  0.9030372E+00  0.9035580E+00
         124 -0.4498191E+01  0.5387081E+01  0.2252489E+02  0.2380076E+02  0.9029306E+00  0.9034452E+00
         125 -0.1411314E+01 -0.3672639E-01  0.2296637E+02  0.2425731E+02  0.9028147E+00  0.9033370E+00
         126  0.3396415E+01 -0.1605947E+01  0.2341387E+02  0.2472025E+02  0.9027067E+00  0.9032238E+00
         127  0.5174964E+01 -0.6593982E+00  0.2386771E+02  0.2518928E+02  0.9025989E+00  0.9031152E+00
         128  0.6340433E+01  0.3706949E+01  0.2432770E+02  0.2566490E+02  0.9024794E+00  0.9030023E+00
         129  0.3887371E+01  0.5382715E+01  0.2479396E+02  0.2614683E+02  0.9023661E+00  0.9028914E+00
         130 -0.4044850E+00  0.6440598E+01  0.2526669E+02  0.2663527E+02  0.9022546E+00  0.9027737E+00
         131 -0.4711068E+00 -0.2597721E+01  0.2574571E+02  0.2713027E+02  0.9021312E+00  0.9026681E+00
         132 -0.1421036E+01 -0.6153767E+01  0.2623147E+02  0.2763191E+02  0.9020265E+00  0.9025519E+00
         133 -0.4546260E-01  0.7676324E+01  0.2672345E+02  0.2814021E+02  0.9019085E+00  0.9024378E+00
         134 -0.1041444E+01  0.9197808E-01  0.2722231E+02  0.2865538E+02  0.9017897E+00  0.9023233E+00
         135  0.1969318E+01 -0.2102838E+01  0.2772793E+02  0.2917715E+02  0.9016779E+00  0.9022059E+00
         136  0.4517013E+01 -0.1831692E+01  0.2824012E+02  0.2970593E+02  0.9015581E+00  0.9020846E+00
         137  0.1338819E+01 -0.5147591E+01  0.2875939E+02  0.3024173E+02  0.9014542E+00  0.9019719E+00
         138 -0.4868515E+01 -0.5050727E+00  0.2928516E+02  0.3078460E+02  0.9013216E+00  0.9018580E+00
         139  0.4511097E+01 -0.7327186E+01  0.2981828E+02  0.3133443E+02  0.9012034E+00  0.9017382E+00
         140  0.4741786E+01  0.1294593E+01  0.3035843E+02  0.3189180E+02  0.9010884E+00  0.9016281E+00
         141 -0.3491491E+01  0.9391159E+01  0.3090552E+02  0.3245594E+02  0.9009644E+00  0.9015036E+00
         142 -0.5007012E+01  0.3157550E+01  0.3146026E+02  0.3302768E+02  0.9008580E+00  0.9013882E+00
         143  0.3176096E+01 -0.4617446E+01  0.3202149E+02  0.3360658E+02  0.9007277E+00  0.9012586E+00
         144 -0.4590786E+01 -0.4827569E+01  0.3259087E+02  0.3419259E+02  0.9006146E+00  0.9011276E+00
         145 -0.2200025E+00 -0.2204288E+01  0.3316654E+02  0.3478721E+02  0.9004710E+00  0.9010197E+00
         146  0.2571371E+01 -0.3291064E+01  0.3375061E+02  0.3538945E+02  0.9003555E+00  0.9009110E+00
         147  0.1069305E+02 -0.5971699E+01  0.3434190E+02  0.3599892E+02  0.9002297E+00  0.9007849E+00
         148  0.5200079E+01  0.2033275E+01  0.3494112E+02  0.3661518E+02  0.9001076E+00  0.9006391E+00
         149  0.2996797E+01 -0.3738271E+01  0.3554817E+02  0.3724086E+02  0.8999901E+00  0.9005318E+00
         150 -0.6199426E+01 -0.7045061E+01  0.3616337E+02  0.3787337E+02  0.8998821E+00  0.9003999E+00
         151 -0.9216494E+00 -0.3672799E+01  0.3678515E+02  0.3851496E+02  0.8997355E+00  0.9002848E+00
         152  0.4429585E+01 -0.6579985E+01  0.3741635E+02  0.3916479E+02  0.8996245E+00  0.9001696E+00
         153 -0.5584068E+01  0.2247089E+01  0.3805465E+02  0.3982137E+02  0.8994945E+00  0.9000308E+00
         154 -0.5381776E+01 -0.4885301E+01  0.3870107E+02  0.4048654E+02  0.8993655E+00  0.8998944E+00
         155 -0.5333854E+01  0.1467339E+01  0.3935603E+02  0.4116165E+02  0.8992394E+00  0.8997853E+00
         156  0.1227872E+02  0.1280553E+01  0.4001946E+02  0.4184422E+02  0.8991163E+00  0.8996643E+00
         157 -0.5440922E+01  0.4605037E+00  0.4069048E+02  0.4253483E+02  0.8989709E+00  0.8995311E+00
         158  0.1758664E+01  0.2098633E+01  0.4137106E+02  0.4323375E+02  0.8988624E+00  0.8993800E+00
         159  0.5764505E+01  0.2909853E+01  0.4205912E+02  0.4394235E+02  0.8987170E+00  0.8992633E+00
         160 -0.4189973E+01  0.5508901E+00  0.4275700E+02  0.4465899E+02  0.8986049E+00  0.8991178E+00
         161  0.7058596E+01 -0.4892652E+01  0.4346370E+02  0.4538590E+02  0.8984843E+00  0.8990057E+00
         162 -0.2325938E+01 -0.6889243E+01  0.4417721E+02  0.4612052E+02  0.8983298E+00  0.8988686E+00
         163  0.2569408E+01 -0.6637394E+01  0.4490057E+02  0.4686465E+02  0.8981926E+00  0.8987396E+00
         164  0.6179844E+01  0.2701795E+01  0.4563343E+02  0.4761866E+02  0.8980572E+00  0.8986202E+00
         165  0.2817764E+01 -0.1850940E+00  0.4637516E+02  0.4838006E+02  0.8979281E+00  0.8984710E+00
         166  0.6080285E+00 -0.1122344E+01  0.4712588E+02  0.4915253E+02  0.8977778E+00  0.8983450E+00
         167 -0.5149469E+01  0.3501519E+01  0.4788637E+02  0.4993417E+02  0.8976514E+00  0.8982106E+00
         168  0.3084396E+01 -0.8010163E+01  0.4865689E+02  0.5072382E+02  0.8975404E+00  0.8980616E+00
         169  0.8178308E+01  0.7674816E+01  0.4943521E+02  0.5152559E+02  0.8973880E+00  0.8979440E+00
         170  0.3292037E+01 -0.1240811E+01  0.5022384E+02  0.5233564E+02  0.8972452E+00  0.8978072E+00
         171 -0.3225987E+01 -0.5608312E+01  0.5102274E+02  0.5315495E+02  0.8971240E+00  0.8976605E+00
         172  0.9275605E+01  0.4636619E+01  0.5183068E+02  0.5398590E+02  0.8969682E+00  0.8975432E+00
         173 -0.2284129E+01 -0.7152509E+01  0.5264854E+02  0.5482637E+02  0.8968254E+00  0.8973918E+00
         174 -0.1319523E+02 -0.6922822E+01  0.5347635E+02  0.5567618E+02  0.8966976E+00  0.8972476E+00
         175  0.3340979E+01  0.1403373E+01  0.5431466E+02  0.5653633E+02  0.8965498E+00  0.8971161E+00
         176  0.9458579E+01  0.1388596E+02  0.5516339E+02  0.5740730E+02  0.8964139E+00  0.8969589E+00
         177  0.2937192E+01 -0.4695925E+01  0.5602153E+02  0.5828846E+02  0.8962680E+00  0.8968254E+00
         178  0.6472367E+01  0.1420740E+01  0.5688975E+02  0.5918104E+02  0.8961072E+00  0.8966860E+00
         179 -0.7327279E+00 -0.4809339E+01  0.5776978E+02  0.6008340E+02  0.8959717E+00  0.8965505E+00
         180 -0.7631263E-01 -0.5098316E+01  0.5865936E+02  0.6099695E+02  0.8958180E+00  0.8964024E+00
         181  0.1885129E+00 -0.5873667E+01  0.5955991E+02  0.6192130E+02  0.8956800E+00  0.8962565E+00
         182  0.5394237E+01  0.5196781E+01  0.6047264E+02  0.6285678E+02  0.8955398E+00  0.8961039E+00
         183 -0.6766904E+01  0.4557031E+01  0.6139502E+02  0.6380305E+02  0.8953737E+00  0.8959358E+00
         184  0.8181007E+01  0.4048047E+01  0.6232881E+02  0.6476124E+02  0.8952222E+00  0.8957959E+00
         185 -0.4724564E+01 -0.3402475E+01  0.6327345E+02  0.6573119E+02  0.8950687E+00  0.8956643E+00
         186 -0.5549413E+01 -0.1993950E+01  0.6423032E+02  0.6671105E+02  0.8949249E+00  0.8955035E+00
         187  0.9774353E+01  0.2899039E+01  0.6519804E+02  0.6770434E+02  0.8947834E+00  0.8953372E+00
         188 -0.9050376E+01  0.7867393E+01  0.6617787E+02  0.6870901E+02  0.8946118E+00  0.8951923E+00
         189  0.2778559E+01  0.3707082E+01  0.6716805E+02  0.6972520E+02  0.8944653E+00  0.8950552E+00
         190 -0.3335662E+00  0.1550713E+01  0.6817165E+02  0.7075262E+02  0.8942797E+00  0.8948693E+00
         191  0.5768342E+01 -0.1149454E+02  0.6918601E+02  0.7179393E+02  0.8941438E+00  0.8947281E+00
         192 -0.3751748E+01  0.6568067E+01  0.7021333E+02  0.7284728E+02  0.8939909E+00  0.8945655E+00
         193 -0.5680708E+01  0.3707248E+01  0.7125259E+02  0.7391200E+02  0.8938096E+00  0.8944011E+00
         194 -0.5316103E+01  0.1113752E+01  0.7230425E+02  0.7498953E+02  0.8936841E+00  0.8942375E+00
         195  0.7460028E+01 -0.7491894E+01  0.7336850E+02  0.7607992E+02  0.8935025E+00  0.8940766E+00
         196  0.2371214E+02 -0.8234130E+01  0.7444548E+02  0.7718353E+02  0.8933370E+00  0.8939310E+00
         197  0.1320557E+02 -0.4805265E+01  0.7553432E+02  0.7830051E+02  0.8931696E+00  0.8937728E+00
         198  0.6070300E+01  0.9684813E+01  0.7663762E+02  0.7942992E+02  0.8929948E+00  0.8936046E+00
         199  0.1246730E+01  0.1476871E+01  0.7775343E+02  0.8057321E+02  0.8928515E+00  0.8934412E+00
         200  0.5747366E+01  0.6194449E+01  0.7888124E+02  0.8172973E+02  0.8926775E+00  0.8932891E+00
         201 -0.3022647E+01  0.2038052E+02  0.8002378E+02  0.8289995E+02  0.8925071E+00  0.8931018E+00
         202 -0.1043227E+02  0.9231295E+01  0.8118055E+02  0.8408270E+02  0.8923416E+00  0.8929349E+00
         203 -0.1446044E+02 -0.4610829E+01  0.8234959E+02  0.8528171E+02  0.8921836E+00  0.8927781E+00
         204  0.1893736E+02  0.9890814E+01  0.8353239E+02  0.8649222E+02  0.8919828E+00  0.8925794E+00
         205 -0.5348588E+00  0.1329267E+02  0.8472901E+02  0.8771878E+02  0.8918113E+00  0.8924218E+00
         206 -0.6681766E+01  0.6929493E+01  0.8593993E+02  0.8895836E+02  0.8916408E+00  0.8922532E+00
         207 -0.5455606E+00 -0.2405161E+01  0.8716662E+02  0.9021455E+02  0.8914626E+00  0.8920660E+00
         208  0.5463990E+01 -0.1925670E+01  0.8840555E+02  0.9148405E+02  0.8912663E+00  0.8918988E+00
         209  0.1065457E+02  0.3538830E+01  0.8966007E+02  0.9276765E+02  0.8911156E+00  0.8917284E+00
         210 -0.7338484E+01 -0.1092036E+02  0.9092918E+02  0.9406677E+02  0.8909199E+00  0.8915436E+00
         211  0.8568347E+01  0.4188689E+01  0.9221399E+02  0.9538184E+02  0.8907453E+00  0.8913673E+00
         212  0.8035478E+01  0.5420391E+01  0.9351285E+02  0.9671041E+02  0.8905513E+00  0.8911812E+00
         213 -0.8015328E+01 -0.1644212E+01  0.9482795E+02  0.9805730E+02  0.8903894E+00  0.8910046E+00
         214 -0.1020361E+02 -0.8689404E+00  0.9615848E+02  0.9941846E+02  0.8902079E+00  0.8908297E+00
         215  0.2793955E+01  0.1187319E+02  0.9750217E+02  0.1007948E+03  0.8900160E+00  0.8906317E+00
         216 -0.4132391E+01  0.2893051E+01  0.9886301E+02  0.1021870E+03  0.8897994E+00  0.8904371E+00
         217  0.9968758E+01 -0.9273129E+01  0.1002408E+03  0.1035958E+03  0.8896356E+00  0.8902692E+00
         218  0.1584107E+02  0.1602042E+01  0.1016335E+03  0.1050211E+03  0.8894508E+00  0.8900601E+00
         219  0.1018443E+02  0.5804929E+01  0.1030420E+03  0.1064631E+03  0.8892400E+00  0.8898919E+00
         220  0.1946584E+02 -0.1001980E+01  0.1044682E+03  0.1079214E+03  0.8890694E+00  0.8896992E+00
         221 -0.6044803E+01 -0.6101988E+01  0.1059104E+03  0.1093967E+03  0.8888624E+00  0.8895038E+00
         222  0.7657905E+01 -0.1245319E+02  0.1073688E+03  0.1108885E+03  0.8886647E+00  0.8893136E+00
         223 -0.5879704E+01 -0.9065250E+01  0.1088448E+03  0.1123981E+03  0.8884708E+00  0.8891132E+00
         224 -0.1014741E+02 -0.1507294E+01  0.1103380E+03  0.1139257E+03  0.8882794E+00  0.8889236E+00
         225 -0.1200732E+02 -0.7858263E+01  0.1118470E+03  0.1154695E+03  0.8880755E+00  0.8887157E+00
         226  0.1778952E+02  0.2047827E+01  0.1133751E+03  0.1170312E+03  0.8878856E+00  0.8885257E+00
         227  0.3345104E+01 -0.2748896E+01  0.1149199E+03  0.1186106E+03  0.8876844E+00  0.8883255E+00
         228  0.7471932E+01 -0.1013568E+02  0.1164827E+03  0.1202091E+03  0.8874812E+00  0.8881269E+00
         229 -0.1930828E+01 -0.1669976E+02  0.1180631E+03  0.1218246E+03  0.8872802E+00  0.8879315E+00
         230  0.5542583E+01  0.1696553E+02  0.1196620E+03  0.1234590E+03  0.8870779E+00  0.8877265E+00
         231 -0.4618704E+01 -0.4009823E+00  0.1212781E+03  0.1251130E+03  0.8868634E+00  0.8875375E+00
         232 -0.4347100E+01 -0.2196333E+02  0.1229143E+03  0.1267856E+03  0.8866637E+00  0.8873265E+00
         233  0.6356571E+01 -0.3289594E+01  0.1245675E+03  0.1284756E+03  0.8864574E+00  0.8871220E+00
         234 -0.1815897E+02 -0.6146100E+01  0.1262405E+03  0.1301848E+03  0.8862492E+00  0.8869076E+00
         235  0.1046152E+02  0.1038371E+02  0.1279328E+03  0.1319146E+03  0.8860449E+00  0.8867118E+00
         236  0.6945906E+01  0.1575115E+02  0.1296440E+03  0.1336641E+03  0.8858441E+00  0.8865202E+00
         237  0.3168479E+02  0.2463243E+02  0.1313735E+03  0.1354318E+03  0.8856212E+00  0.8862932E+00
         238  0.1100072E+02 -0.1143057E+02  0.1331230E+03  0.1372200E+03  0.8854117E+00  0.8861036E+00
         239 -0.7971468E+01  0.1784546E+02  0.1348934E+03  0.1390293E+03  0.8852139E+00  0.8859012E+00
         240 -0.6190817E+01  0.2177182E+02  0.1366814E+03  0.1408569E+03  0.8849875E+00  0.8856744E+00
         241  0.1867368E+01  0.6477296E+01  0.1384913E+03  0.1427055E+03  0.8847902E+00  0.8854655E+00
         242 -0.7579920E+01 -0.1653041E+02  0.1403205E+03  0.1445746E+03  0.8845707E+00  0.8852519E+00
         243 -0.1933322E+02 -0.1927809E+02  0.1421701E+03  0.1464642E+03  0.8843390E+00  0.8850487E+00
         244  0.1233272E+02 -0.1806427E+02  0.1440412E+03  0.1483764E+03  0.8841399E+00  0.8848408E+00
         245  0.1768215E+01 -0.2465523E+02  0.1459315E+03  0.1503074E+03  0.8839186E+00  0.8846181E+00
         246  0.8618153E+01  0.2583325E+01  0.1478444E+03  0.1522608E+03  0.8837078E+00  0.8843976E+00
         247  0.1169814E+02  0.7969631E+01  0.1497775E+03  0.1542365E+03  0.8834796E+00  0.8842062E+00
         248 -0.7612132E+01 -0.4374673E+01  0.1517326E+03  0.1562322E+03  0.8832652E+00  0.8839732E+00
         249  0.5450707E+01  0.1532454E+02  0.1537090E+03  0.1582511E+03  0.8830565E+00  0.8837659E+00
         250 -0.1098908E+02 -0.2464392E+02  0.1557067E+03  0.1602908E+03  0.8828292E+00  0.8835474E+00
         251  0.6613545E+01 -0.7760192E+00  0.1577262E+03  0.1623544E+03  0.8826139E+00  0.8833371E+00
         252 -0.6208974E+01 -0.1125847E+02  0.1597683E+03  0.1644391E+03  0.8823982E+00  0.8831199E+00
         253  0.9627138E+00  0.1115490E+00  0.1618327E+03  0.1665479E+03  0.8821906E+00  0.8828969E+00
         254  0.1670441E+01 -0.5193399E+01  0.1639186E+03  0.1686781E+03  0.8819591E+00  0.8826823E+00
         255  0.2037128E+02 -0.1433969E+02  0.1660286E+03  0.1708316E+03  0.8817493E+00  0.8824615E+00
         256 -0.2875950E+02  0.1383376E+02  0.1681603E+03  0.1730087E+03  0.8815224E+00  0.8822466E+00
         257  0.2687692E+02  0.1204475E+02  0.1703167E+03  0.1752092E+03  0.8813093E+00  0.8820314E+00
         258 -0.1818326E+01  0.5177239E+01  0.1724950E+03  0.1774342E+03  0.8810888E+00  0.8818130E+00
         259  0.1155266E+02  0.1932157E+02  0.1746969E+03  0.1796823E+03  0.8808612E+00  0.8815975E+00
         260  0.2835363E+02  0.1122784E+02  0.1769227E+03  0.1819546E+03  0.8806426E+00  0.8813788E+00
         261  0.4673875E+01 -0.9037707E+01  0.1791739E+03  0.1842516E+03  0.8804232E+00  0.8811662E+00
         262  0.3310299E+02  0.1127669E+02  0.1814470E+03  0.1865725E+03  0.8801893E+00  0.8809486E+00
         263  0.2561074E-01  0.3175550E+02  0.1837453E+03  0.1889187E+03  0.8799686E+00  0.8807271E+00
         264 -0.6982026E+01 -0.3014690E+02  0.1860697E+03  0.1912902E+03  0.8797570E+00  0.8805048E+00
         265  0.1838897E+02 -0.7868277E+01  0.1884173E+03  0.1936870E+03  0.8795282E+00  0.8802896E+00
         266  0.2704927E+01  0.5037392E+01  0.1907898E+03  0.1961075E+03  0.8793041E+00  0.8800550E+00
         267  0.3463020E+02 -0.2207757E+02  0.1931889E+03  0.1985556E+03  0.8790898E+00  0.8798449E+00
         268 -0.6260519E+01 -0.9727181E+01  0.1956133E+03  0.2010291E+03  0.8788674E+00  0.8796216E+00
         269  0.1036363E+02 -0.1740208E+02  0.1980632E+03  0.2035293E+03  0.8786358E+00  0.8794017E+00
         270 -0.1710262E+02  0.8605250E+01  0.2005393E+03  0.2060559E+03  0.8784207E+00  0.8791850E+00
         271 -0.3877535E+01 -0.1889153E+02  0.2030413E+03  0.2086091E+03  0.8781963E+00  0.8789619E+00
         272  0.2012340E+02 -0.8710834E+01  0.2055700E+03  0.2111879E+03  0.8779609E+00  0.8787408E+00
         273  0.1634997E+02 -0.1605719E+02  0.2081259E+03  0.2137953E+03  0.8777499E+00  0.8785182E+00
         274 -0.2042597E+00 -0.1440899E+02  0.2107089E+03  0.2164315E+03  0.8775197E+00  0.8783042E+00
         275  0.9863765E+00  0.2054200E+02  0.2133184E+03  0.2190929E+03  0.8772966E+00  0.8780767E+00
         276 -0.3936552E+01  0.2139103E+02  0.2159566E+03  0.2217833E+03  0.8770667E+00  0.8778508E+00
         277 -0.2664969E+02 -0.6365837E+01  0.2186218E+03  0.2245027E+03  0.8768402E+00  0.8776233E+00
         278  0.6853622E+01 -0.2280611E+02  0.2213166E+03  0.2272509E+03  0.8766244E+00  0.8774025E+00
         279 -0.1193165E+01  0.2411139E+01  0.2240391E+03  0.2300269E+03  0.8763942E+00  0.8771810E+00
         280  0.5769715E-01 -0.2198677E+02  0.2267899E+03  0.2328331E+03  0.8761732E+00  0.8769651E+00
         281 -0.1356535E+02 -0.3310480E+02  0.2295697E+03  0.2356685E+03  0.8759387E+00  0.8767373E+00
         282  0.2394971E+02  0.9914780E+01  0.2323801E+03  0.2385341E+03  0.8757070E+00  0.8765156E+00
         283  0.8777582E+01  0.1340452E+02  0.2352190E+03  0.2414298E+03  0.8754896E+00  0.8762959E+00
         284  0.5325754E+01 -0.5217284E+01  0.2380881E+03  0.2443545E+03  0.8752561E+00  0.8760603E+00
         285  0.6391090E+02 -0.3505985E+02  0.2409877E+03  0.2473108E+03  0.8750238E+00  0.8758320E+00
         286 -0.4661718E+02  0.3183466E+02  0.2439181E+03  0.2502997E+03  0.8747992E+00  0.8756141E+00
         287 -0.5417575E+01  0.5419537E+01  0.2468780E+03  0.2533191E+03  0.8745652E+00  0.8753896E+00
         288  0.1710046E+02  0.2296597E+02  0.2498717E+03  0.2563695E+03  0.8743362E+00  0.8751580E+00
         289  0.4182421E+02 -0.5892784E+00  0.2528945E+03  0.2594524E+03  0.8741062E+00  0.8749267E+00
         290  0.6738654E+02  0.3860329E+02  0.2559505E+03  0.2625674E+03  0.8738761E+00  0.8747030E+00
         291 -0.9311499E+01  0.2853652E+02  0.2590388E+03  0.2657160E+03  0.8736471E+00  0.8744797E+00
         292  0.4968631E+02  0.4380779E+02  0.2621589E+03  0.2688972E+03  0.8734183E+00  0.8742536E+00
         293  0.1955951E+02 -0.3376486E+02  0.2653141E+03  0.2721122E+03  0.8731946E+00  0.8740250E+00
         294 -0.1551279E+02  0.8425345E+01  0.2685010E+03  0.2753586E+03  0.8729551E+00  0.8737836E+00
         295 -0.2134948E+01  0.1083207E+02  0.2717205E+03  0.2786423E+03  0.8727266E+00  0.8735609E+00
         296  0.2736708E+01  0.2331922E+02  0.2749741E+03  0.2819587E+03  0.8724925E+00  0.8733327E+00
         297 -0.3503300E+01  0.2771571E+02  0.2782621E+03  0.2853094E+03  0.8722593E+00  0.8730938E+00
         298 -0.2071719E+00 -0.1482155E+02  0.2815853E+03  0.2886960E+03  0.8720207E+00  0.8728630E+00
         299 -0.5504428E+01 -0.2559713E+02  0.2849426E+03  0.2921205E+03  0.8717844E+00  0.8726385E+00
         300  0.6218423E+02 -0.3354340E+02  0.2883371E+03  0.2955780E+03  0.8715596E+00  0.8724058E+00
         301  0.2056636E+02  0.3195611E+02  0.2917634E+03  0.2990694E+03  0.8713104E+00  0.8721682E+00
         302  0.3574527E+02 -0.1407841E+02  0.2952316E+03  0.3026021E+03  0.8710832E+00  0.8719380E+00
         303 -0.5419427E+01 -0.8330688E+01  0.2987336E+03  0.3061710E+03  0.8708469E+00  0.8717057E+00
         304  0.2522107E+02  0.7517698E+00  0.3022699E+03  0.3097747E+03  0.8706031E+00  0.8714688E+00
         305 -0.4578123E+02  0.1700400E+02  0.3058444E+03  0.3134197E+03  0.8703646E+00  0.8712388E+00
         306  0.1729947E+02 -0.1425687E+02  0.3094590E+03  0.3170997E+03  0.8701291E+00  0.8709956E+00
         307  0.1607081E+02 -0.1548744E+02  0.3131085E+03  0.3208192E+03  0.8698850E+00  0.8707577E+00
         308 -0.2927998E+02  0.1514480E+02  0.3167977E+03  0.3245801E+03  0.8696433E+00  0.8705262E+00
         309  0.3479147E+02 -0.6097659E+01  0.3205282E+03  0.3283780E+03  0.8694129E+00  0.8702862E+00
         310  0.3136225E+02 -0.3037288E+02  0.3242943E+03  0.3322144E+03  0.8691687E+00  0.8700466E+00
         311  0.5084355E+02 -0.3386008E+02  0.3280992E+03  0.3360944E+03  0.8689276E+00  0.8698139E+00
         312  0.1151129E+01 -0.3123490E+02  0.3319475E+03  0.3400139E+03  0.8686845E+00  0.8695856E+00
         313  0.1710897E+02  0.1980523E+02  0.3358326E+03  0.3439728E+03  0.8684429E+00  0.8693422E+00
         314  0.4045756E+02  0.4314889E+02  0.3397635E+03  0.3479663E+03  0.8682125E+00  0.8690826E+00
         315  0.4614071E+01  0.3555883E+02  0.3437277E+03  0.3520098E+03  0.8679618E+00  0.8688490E+00
         316  0.9679295E+01 -0.9732951E+02  0.3477393E+03  0.3560952E+03  0.8677195E+00  0.8686108E+00
         317  0.3655030E+02  0.6186696E+02  0.3517865E+03  0.3602215E+03  0.8674672E+00  0.8683705E+00
         318  0.1703029E+02  0.1952471E+02  0.3558835E+03  0.3643916E+03  0.8672363E+00  0.8681355E+00
         319  0.5446215E+02 -0.1974685E+02  0.3600135E+03  0.3685988E+03  0.8669787E+00  0.8678821E+00
         320 -0.1350999E+02 -0.2376535E+02  0.3641979E+03  0.3728536E+03  0.8667432E+00  0.8676401E+00
         321  0.7744195E+01  0.5720195E+02  0.3684177E+03  0.3771538E+03  0.8664929E+00  0.8674028E+00
         322 -0.3416201E+01 -0.1710003E+01  0.3726815E+03  0.3814950E+03  0.8662496E+00  0.8671452E+00
         323  0.1881753E+02  0.5985086E+01  0.3769933E+03  0.3858860E+03  0.8660078E+00  0.8669144E+00
         324 -0.2022095E+01  0.1037518E+02  0.3813397E+03  0.3903193E+03  0.8657420E+00  0.8666686E+00
         325 -0.3461688E+02  0.1317747E+02  0.3857380E+03  0.3948002E+03  0.8654930E+00  0.8664279E+00
         326  0.5826081E+02  0.7430788E+02  0.3901860E+03  0.3993148E+03  0.8652564E+00  0.8661616E+00
         327  0.2010507E+02  0.3147927E+02  0.3946794E+03  0.4038941E+03  0.8650146E+00  0.8659343E+00
         328  0.2394671E+02 -0.6616552E+02  0.3992023E+03  0.4085144E+03  0.8647409E+00  0.8656962E+00
         329  0.3342712E+02  0.3677341E+02  0.4037889E+03  0.4131667E+03  0.8645070E+00  0.8654185E+00
         330  0.3262826E+02  0.5472895E+01  0.4084114E+03  0.4178924E+03  0.8642427E+00  0.8651997E+00
         331 -0.1467603E+02 -0.7809377E+02  0.4130962E+03  0.4226466E+03  0.8640066E+00  0.8649465E+00
         332 -0.9506275E+01  0.1492763E+02  0.4178113E+03  0.4274569E+03  0.8637444E+00  0.8647033E+00
         333  0.6103257E+02  0.1111996E+03  0.4225931E+03  0.4323222E+03  0.8635171E+00  0.8644672E+00
         334  0.8838198E+01  0.2226461E+02  0.4274072E+03  0.4372207E+03  0.8632541E+00  0.8642039E+00
         335  0.3001096E+02  0.1632637E+02  0.4322873E+03  0.4421849E+03  0.8630253E+00  0.8639736E+00
         336  0.8409621E+02 -0.4626811E+02  0.4372005E+03  0.4471935E+03  0.8627651E+00  0.8637272E+00
         337  0.2791115E+02  0.8023032E+01  0.4421598E+03  0.4522430E+03  0.8625018E+00  0.8634630E+00
         338  0.7527030E+01 -0.1328414E+01  0.4471823E+03  0.4573496E+03  0.8622547E+00  0.8632160E+00
         339  0.2253960E+02  0.1312104E+02  0.4522497E+03  0.4625157E+03  0.8620037E+00  0.8629772E+00
         340  0.1995314E+01 -0.5548669E+02  0.4573727E+03  0.4677176E+03  0.8617581E+00  0.8627177E+00
         341 -0.1275630E+02 -0.4326280E+02  0.4625391E+03  0.4729925E+03  0.8614956E+00  0.8624898E+00
         342  0.2744768E+02  0.1091626E+02  0.4677655E+03  0.4783032E+03  0.8612527E+00  0.8622298E+00
         343 -0.9164637E+01  0.3325726E+02  0.4730406E+03  0.4836796E+03  0.8609978E+00  0.8619906E+00
         344  0.5499468E+01 -0.5490897E+02  0.4783695E+03  0.4891005E+03  0.8607470E+00  0.8617379E+00
         345  0.7842693E+02 -0.4371378E+02  0.4837528E+03  0.4945818E+03  0.8605006E+00  0.8614960E+00
         346  0.2731796E+02  0.1398985E+02  0.4891922E+03  0.5001106E+03  0.8602555E+00  0.8612467E+00
         347  0.1135388E+02 -0.4943479E+01  0.4946830E+03  0.5056946E+03  0.8600061E+00  0.8609876E+00
         348  0.1543797E+02  0.5793146E+02  0.5002246E+03  0.5113376E+03  0.8597511E+00  0.8607524E+00
         349 -0.7778938E+01  0.3212994E+02  0.5058260E+03  0.5170366E+03  0.8595042E+00  0.8604974E+00
         350  0.3346538E+02 -0.5192953E+02  0.5114758E+03  0.5227866E+03  0.8592425E+00  0.8602458E+00
         351  0.4448863E+01 -0.8834805E+02  0.5171786E+03  0.5286076E+03  0.8589776E+00  0.8600129E+00
         352 -0.2735856E+02  0.5930603E+00  0.5229573E+03  0.5344770E+03  0.8587475E+00  0.8597676E+00
         353 -0.9500951E+01  0.1345175E+02  0.5287793E+03  0.5404041E+03  0.8584892E+00  0.8595166E+00
         354  0.4230507E+02 -0.2484334E+02  0.5346541E+03  0.5463875E+03  0.8582283E+00  0.8592671E+00
         355  0.1228468E+02 -0.3331608E+02  0.5406028E+03  0.5524258E+03  0.8579876E+00  0.8590118E+00
         356 -0.5736095E+02 -0.1824189E+02  0.5466011E+03  0.5585354E+03  0.8577350E+00  0.8587708E+00
         357  0.9135162E+01  0.5489896E+02  0.5526630E+03  0.5646885E+03  0.8574849E+00  0.8585012E+00
         358 -0.5013922E+02 -0.2570150E+01  0.5587713E+03  0.5709146E+03  0.8572276E+00  0.8582587E+00
         359  0.3671758E+02  0.2751399E+02  0.5649559E+03  0.5772020E+03  0.8569858E+00  0.8580160E+00
         360 -0.1636021E+02 -0.4477227E+02  0.5711982E+03  0.5835532E+03  0.8567457E+00  0.8577743E+00
         361  0.5868735E+02  0.1916760E+02  0.5774880E+03  0.5899464E+03  0.8564799E+00  0.8575093E+00
         362  0.4617106E+02  0.2903722E+01  0.5838451E+03  0.5964249E+03  0.8562225E+00  0.8572779E+00
         363 -0.1029813E+02  0.4427646E+02  0.5902816E+03  0.6029535E+03  0.8559911E+00  0.8570160E+00
         364  0.1264012E+03 -0.8244971E+02  0.5967480E+03  0.6095622E+03  0.8557184E+00  0.8567876E+00
         365  0.6223024E+02  0.6110088E+02  0.6032972E+03  0.6162125E+03  0.8554721E+00  0.8565267E+00
         366 -0.1715026E+02  0.9767238E+02  0.6099106E+03  0.6229362E+03  0.8552212E+00  0.8562748E+00
         367 -0.7200548E+01  0.1092556E+03  0.6165828E+03  0.6297204E+03  0.8549694E+00  0.8560182E+00
         368  0.8537885E+02 -0.9520532E+00  0.6233293E+03  0.6365947E+03  0.8547222E+00  0.8557968E+00
         369  0.2345004E+02 -0.8095667E+01  0.6301306E+03  0.6435143E+03  0.8544685E+00  0.8555484E+00
         370  0.3435555E+01 -0.3351151E+02  0.6370116E+03  0.6505015E+03  0.8542314E+00  0.8553005E+00
         371  0.8023540E+02 -0.1767593E+02  0.6439515E+03  0.6575511E+03  0.8539888E+00  0.8550467E+00
         372  0.8051164E+00  0.6645366E+02  0.6509495E+03  0.6646797E+03  0.8537292E+00  0.8548046E+00
         373  0.4426840E+02  0.1014690E+03  0.6580138E+03  0.6718718E+03  0.8534721E+00  0.8545625E+00
         374 -0.1687202E+02  0.4188967E+02  0.6651616E+03  0.6791389E+03  0.8532351E+00  0.8543177E+00
         375 -0.4865668E+02  0.5674210E+02  0.6723629E+03  0.6864546E+03  0.8529763E+00  0.8540493E+00
         376  0.1094997E+03 -0.5815199E+02  0.6796356E+03  0.6938687E+03  0.8527218E+00  0.8538201E+00
         377  0.4192398E+02 -0.3733420E+02  0.6869865E+03  0.7013273E+03  0.8524865E+00  0.8535636E+00
         378 -0.1895199E+02  0.4963805E+02  0.6944037E+03  0.7088768E+03  0.8522314E+00  0.8533227E+00
         379 -0.2741478E+02  0.7641997E+02  0.7018964E+03  0.7164945E+03  0.8519878E+00  0.8530861E+00
         380  0.9575261E+02  0.9697225E+01  0.7094510E+03  0.7241721E+03  0.8517393E+00  0.8528328E+00
         381 -0.1936191E+01 -0.2141612E+02  0.7170739E+03  0.7319388E+03  0.8514695E+00  0.8526042E+00
         382 -0.7697691E+01  0.5114549E+02  0.7247805E+03  0.7397654E+03  0.8512377E+00  0.8523409E+00
         383 -0.6724948E+01  0.1083214E+02  0.7325490E+03  0.7476730E+03  0.8509731E+00  0.8520895E+00
         384  0.1582280E+03  0.9084158E+01  0.7404009E+03  0.7556568E+03  0.8507324E+00  0.8518577E+00
         385  0.1216413E+03  0.1694073E+02  0.7483209E+03  0.7637074E+03  0.8504953E+00  0.8516116E+00
         386  0.3028716E+01  0.1717502E+02  0.7563237E+03  0.7718416E+03  0.8502365E+00  0.8513568E+00
         387 -0.5031719E+02 -0.2567815E+02  0.7643976E+03  0.7800478E+03  0.8499947E+00  0.8511226E+00
         388 -0.2790091E+02 -0.8270118E+02  0.7725522E+03  0.7883284E+03  0.8497681E+00  0.8508704E+00
         389  0.4795404E+02 -0.1503834E+02  0.7807761E+03  0.7966956E+03  0.8495159E+00  0.8506359E+00
         390  0.4652740E+02  0.1685510E+02  0.7890679E+03  0.8051283E+03  0.8492569E+00  0.8503907E+00
         391  0.4880563E+02  0.2620229E+02  0.7974377E+03  0.8136451E+03  0.8490048E+00  0.8501490E+00
         392  0.1110452E+03  0.4863862E+02  0.8058985E+03  0.8222545E+03  0.8487636E+00  0.8499143E+00
         393  0.6745682E+01  0.4721642E+01  0.8144362E+03  0.8309232E+03  0.8485143E+00  0.8496532E+00
         394  0.5002223E+01 -0.2862973E+01  0.8230605E+03  0.8396859E+03  0.8482901E+00  0.8494188E+00
         395 -0.4362216E+01  0.3354263E+02  0.8317498E+03  0.8485179E+03  0.8480295E+00  0.8491580E+00
         396  0.3297374E+02 -0.3592230E+02  0.8405270E+03  0.8574341E+03  0.8477850E+00  0.8489220E+00
         397  0.1362345E+03  0.1449322E+02  0.8493763E+03  0.8664459E+03  0.8475278E+00  0.8486856E+00
         398  0.8399712E+02 -0.6289621E+02  0.8583091E+03  0.8755359E+03  0.8472893E+00  0.8484464E+00
         399 -0.2652532E+02  0.1653665E+03  0.8673408E+03  0.8847045E+03  0.8470525E+00  0.8482121E+00
         400 -0.4112553E+02  0.1527160E+03  0.8764348E+03  0.8939622E+03  0.8467808E+00  0.8479801E+00
         401  0.4136783E+02 -0.3299324E+02  0.8856267E+03  0.9033037E+03  0.8465509E+00  0.8477330E+00
         402  0.7416161E+02 -0.4636309E+01  0.8949114E+03  0.9127298E+03  0.8463196E+00  0.8474897E+00
         403  0.7257458E+02  0.6063568E+02  0.9042580E+03  0.9222337E+03  0.8460679E+00  0.8472422E+00
         404 -0.1134751E+03  0.1506176E+03  0.9137062E+03  0.9318274E+03  0.8458347E+00  0.8469942E+00
         405  0.5927443E+02 -0.4347449E+02  0.9232318E+03  0.9415093E+03  0.8455865E+00  0.8467571E+00
         406  0.1125001E+03 -0.1214697E+03  0.9328333E+03  0.9512978E+03  0.8453298E+00  0.8465355E+00
         407  0.5037466E+02 -0.2064297E+02  0.9425438E+03  0.9611503E+03  0.8451018E+00  0.8462940E+00
         408  0.9850554E+01  0.5375805E+02  0.9523413E+03  0.9711067E+03  0.8448573E+00  0.8460576E+00
         409 -0.4179316E+02 -0.3149843E+02  0.9622080E+03  0.9811560E+03  0.8445917E+00  0.8458027E+00
         410  0.7424596E+02 -0.7153757E+02  0.9721870E+03  0.9912691E+03  0.8443632E+00  0.8455524E+00
         411 -0.5408390E+02  0.1437604E+03  0.9822502E+03  0.1001518E+04  0.8441291E+00  0.8453279E+00
         412 -0.1565389E+02 -0.9155789E+02  0.9924042E+03  0.1011827E+04  0.8438689E+00  0.8450941E+00
         413  0.1966847E+03 -0.3007470E+02  0.1002645E+04  0.1022244E+04  0.8436301E+00  0.8448644E+00
         414  0.3070322E+02  0.2139952E+03  0.1012994E+04  0.1032751E+04  0.8434055E+00  0.8446063E+00
         415 -0.3643860E+02  0.3549299E+02  0.1023424E+04  0.1043347E+04  0.8431517E+00  0.8443752E+00
         416  0.1043705E+02 -0.1115402E+03  0.1033943E+04  0.1054051E+04  0.8429080E+00  0.8441337E+00
         417  0.9609625E+02  0.1040460E+03  0.1044570E+04  0.1064838E+04  0.8426839E+00  0.8439052E+00
         418  0.1766293E+02 -0.9378220E+02  0.1055293E+04  0.1075725E+04  0.8424374E+00  0.8436647E+00
         419 -0.4178729E+01  0.6582688E+02  0.1066100E+04  0.1086715E+04  0.8421835E+00  0.8434142E+00
         420 -0.5306585E+02 -0.8696655E+02  0.1077010E+04  0.1097806E+04  0.8419477E+00  0.8431889E+00
         421  0.7179266E+02 -0.1931314E+02  0.1088034E+04  0.1108994E+04  0.8417138E+00  0.8429587E+00
         422  0.1433277E+02  0.1097156E+03  0.1099138E+04  0.1120287E+04  0.8414760E+00  0.8427016E+00
         423 -0.1092629E+03 -0.2654586E+02  0.1110355E+04  0.1131683E+04  0.8412387E+00  0.8424729E+00
         424 -0.1911968E+02  0.5257375E+02  0.1121666E+04  0.1143181E+04  0.8409949E+00  0.8422423E+00
         425  0.9742912E+02 -0.4380165E+02  0.1133072E+04  0.1154785E+04  0.8407544E+00  0.8420036E+00
         426 -0.6985506E+02  0.3391536E+02  0.1144597E+04  0.1166481E+04  0.8405333E+00  0.8417597E+00
         427  0.1118624E+03  0.4996661E+02  0.1156217E+04  0.1178279E+04  0.8402725E+00  0.8415214E+00
         428 -0.2137326E+02 -0.1780183E+03  0.1167951E+04  0.1190193E+04  0.8400548E+00  0.8413006E+00
         429 -0.1152994E+03 -0.2201843E+02  0.1179778E+04  0.1202222E+04  0.8398058E+00  0.8410649E+00
         430  0.1139478E+03 -0.7027039E+02  0.1191716E+04  0.1214358E+04  0.8395625E+00  0.8408368E+00
         431  0.1441655E+03  0.1976999E+02  0.1203759E+04  0.1226584E+04  0.8393289E+00  0.8405873E+00
         432 -0.4151418E+02 -0.8571546E+02  0.1215921E+04  0.1238939E+04  0.8390908E+00  0.8403486E+00
         433 -0.1400775E+02 -0.7598729E+01  0.1228177E+04  0.1251415E+04  0.8388391E+00  0.8401273E+00
         434 -0.4013055E+02  0.7094598E+02  0.1240561E+04  0.1263974E+04  0.8386295E+00  0.8398804E+00
         435  0.2036723E+03 -0.2076781E+03  0.1253038E+04  0.1276665E+04  0.8383766E+00  0.8396454E+00
         436  0.1568088E+03 -0.1456880E+03  0.1265650E+04  0.1289470E+04  0.8381367E+00  0.8394167E+00
         437 -0.9258703E+02  0.5323059E+02  0.1278361E+04  0.1302391E+04  0.8378955E+00  0.8391827E+00
         438 -0.1575888E+02  0.5362005E+02  0.1291196E+04  0.1315421E+04  0.8376694E+00  0.8389336E+00
         439 -0.1589246E+02  0.5519075E+02  0.1304133E+04  0.1328566E+04  0.8374290E+00  0.8387041E+00
         440  0.2887639E+02  0.6286533E+02  0.1317188E+04  0.1341840E+04  0.8371699E+00  0.8384809E+00
         441 -0.1923075E+02  0.8207639E+02  0.1330369E+04  0.1355231E+04  0.8369418E+00  0.8382364E+00
         442  0.2763414E+01  0.1244906E+02  0.1343675E+04  0.1368732E+04  0.8367155E+00  0.8380077E+00
         443  0.9861822E+02  0.1143315E+03  0.1357107E+04  0.1382375E+04  0.8364905E+00  0.8377668E+00
         444  0.3165635E+01 -0.3855470E+02  0.1370637E+04  0.1396128E+04  0.8362359E+00  0.8375387E+00
         445 -0.1108577E+02  0.1954154E+03  0.1384304E+04  0.1410002E+04  0.8359960E+00  0.8373105E+00
         446 -0.8652384E+01  0.9634345E+02  0.1398084E+04  0.1424011E+04  0.8357604E+00  0.8370739E+00
         447  0.1556153E+03  0.1648461E+03  0.1412001E+04  0.1438140E+04  0.8355311E+00  0.8368518E+00
         448 -0.1361675E+03 -0.1004185E+03  0.1426035E+04  0.1452398E+04  0.8352868E+00  0.8366034E+00
         449  0.2560699E+03 -0.1517361E+03  0.1440188E+04  0.1466777E+04  0.8350536E+00  0.8363789E+00
         450  0.2065579E+03  0.7913298E+00  0.1454480E+04  0.1481302E+04  0.8348098E+00  0.8361452E+00
         451  0.1008928E+03 -0.3122007E+02  0.1468917E+04  0.1495949E+04  0.8345866E+00  0.8359110E+00
         452 -0.9733064E+02  0.1506792E+03  0.1483467E+04  0.1510726E+04  0.8343471E+00  0.8356822E+00
         453 -0.1011207E+03  0.1958773E+03  0.1498139E+04  0.1525631E+04  0.8341070E+00  0.8354523E+00
         454  0.1971405E+03 -0.1682749E+03  0.1512957E+04  0.1540687E+04  0.8338899E+00  0.8352060E+00
         455  0.1676980E+03  0.4070903E+02  0.1527896E+04  0.1555865E+04  0.8336459E+00  0.8349940E+00
         456 -0.2800472E+02  0.7713512E+02  0.1542982E+04  0.1571162E+04  0.8334234E+00  0.8347471E+00
         457 -0.1263056E+03 -0.1626611E+03  0.1558202E+04  0.1586637E+04  0.8331849E+00  0.8345149E+00
         458 -0.2403576E+02 -0.1121646E+03  0.1573550E+04  0.1602234E+04  0.8329504E+00  0.8342907E+00
         459 -0.1110916E+02 -0.4584533E+02  0.1589049E+04  0.1617947E+04  0.8327203E+00  0.8340445E+00
         460  0.2611547E+02  0.1003934E+03  0.1604661E+04  0.1633837E+04  0.8324764E+00  0.8338242E+00
         461 -0.2461538E+02 -0.6671535E+02  0.1620448E+04  0.1649848E+04  0.8322430E+00  0.8335940E+00
         462  0.9390407E+02  0.5002726E+02  0.1636340E+04  0.1666002E+04  0.8320111E+00  0.8333642E+00
         463 -0.2347364E+02 -0.1542270E+02  0.1652401E+04  0.1682308E+04  0.8317688E+00  0.8331280E+00
         464 -0.2179422E+02  0.1493914E+03  0.1668604E+04  0.1698763E+04  0.8315452E+00  0.8329068E+00
         465 -0.2287780E+03 -0.1291733E+03  0.1684954E+04  0.1715351E+04  0.8313262E+00  0.8326852E+00
         466 -0.1742791E+03  0.3324027E+03  0.1701441E+04  0.1732092E+04  0.8310950E+00  0.8324443E+00
         467  0.1676241E+03  0.4552917E+02  0.1718077E+04  0.1748984E+04  0.8308611E+00  0.8322154E+00
         468 -0.1524796E+02 -0.3899086E+02  0.1734858E+04  0.1766038E+04  0.8306320E+00  0.8319929E+00
         469  0.2067079E+03  0.5904244E+02  0.1751786E+04  0.1783226E+04  0.8304009E+00  0.8317597E+00
         470 -0.2719538E+03 -0.1177664E+03  0.1768878E+04  0.1800585E+04  0.8301755E+00  0.8315468E+00
         471 -0.1604796E+03  0.1159705E+03  0.1786103E+04  0.1818095E+04  0.8299338E+00  0.8313269E+00
         472 -0.2533783E+02  0.2075037E+02  0.1803506E+04  0.1835732E+04  0.8297156E+00  0.8310858E+00
         473  0.7917386E+02 -0.2370439E+02  0.1821036E+04  0.1853560E+04  0.8294728E+00  0.8308747E+00
         474 -0.1414213E+03 -0.3259089E+02  0.1838734E+04  0.1871529E+04  0.8292623E+00  0.8306554E+00
         475 -0.5315936E+02  0.2576991E+02  0.1856606E+04  0.1889663E+04  0.8290399E+00  0.8304175E+00
         476  0.9998251E+01  0.5069254E+02  0.1874602E+04  0.1907941E+04  0.8287929E+00  0.8301969E+00
         477  0.3036389E+03  0.3612539E+02  0.1892777E+04  0.1926400E+04  0.8285681E+00  0.8299831E+00
         478  0.4765591E+02  0.1831285E+02  0.1911118E+04  0.1945024E+04  0.8283620E+00  0.8297566E+00
         479 -0.1203449E+03  0.1034692E+03  0.1929609E+04  0.1963793E+04  0.8281274E+00  0.8295329E+00
         480  0.1085466E+02 -0.2516234E+03  0.1948258E+04  0.1982732E+04  0.8278999E+00  0.8293239E+00
         481 -0.8174786E+02  0.1038102E+03  0.1967077E+04  0.2001837E+04  0.8276804E+00  0.8290970E+00
         482  0.5782250E+02 -0.2597340E+02  0.1986060E+04  0.2021107E+04  0.8274630E+00  0.8288818E+00
         483  0.2005965E+03  0.1437134E+03  0.2005224E+04  0.2040568E+04  0.8272510E+00  0.8286631E+00
         484  0.1394044E+03  0.9092632E+02  0.2024537E+04  0.2060176E+04  0.8270258E+00  0.8284394E+00
         485  0.1709628E+03 -0.1438736E+03  0.2044009E+04  0.2079966E+04  0.8267934E+00  0.8282285E+00
         486  0.3093065E+03 -0.5245509E+02  0.2063676E+04  0.2099927E+04  0.8265850E+00  0.8280122E+00
         487 -0.5427041E+02  0.2672206E+03  0.2083506E+04  0.2120057E+04  0.8263512E+00  0.8277944E+00
         488  0.3707745E+03 -0.8901943E+02  0.2103512E+04  0.2140354E+04  0.8261390E+00  0.8275810E+00
         489  0.2646709E+03  0.3198760E+02  0.2123691E+04  0.2160844E+04  0.8259311E+00  0.8273677E+00
         490 -0.8696474E+02 -0.1458958E+03  0.2144020E+04  0.2181483E+04  0.8257097E+00  0.8271492E+00
         491 -0.1626165E+03  0.1334741E+03  0.2164558E+04  0.2202328E+04  0.8254982E+00  0.8269413E+00
         492 -0.9791496E+02  0.2559825E+02  0.2185243E+04  0.2223351E+04  0.8252618E+00  0.8267231E+00
         493  0.1884479E+03 -0.2186813E+03  0.2206133E+04  0.2244563E+04  0.8250638E+00  0.8265199E+00
         494  0.3140455E+03 -0.4423463E+02  0.2227184E+04  0.2265935E+04  0.8248462E+00  0.8263076E+00
         495 -0.1738322E+03 -0.8082393E+02  0.2248439E+04  0.2287522E+04  0.8246369E+00  0.8260991E+00
         496  0.1548160E+03  0.3403916E+02  0.2269863E+04  0.2309260E+04  0.8244275E+00  0.8258842E+00
         497  0.8449332E+02  0.6370507E+02  0.2291482E+04  0.2331192E+04  0.8242069E+00  0.8256734E+00
         498  0.1857394E+03 -0.3115679E+03  0.2313257E+04  0.2353309E+04  0.8239958E+00  0.8254710E+00
         499  0.4106040E+03 -0.9302756E+00  0.2335264E+04  0.2375630E+04  0.8237926E+00  0.8252550E+00
         500 -0.2404943E+03 -0.1876089E+03  0.2357409E+04  0.2398134E+04  0.8235667E+00  0.8250563E+00
         501 -0.1276372E+03 -0.1274697E+02  0.2379792E+04  0.2420814E+04  0.8233628E+00  0.8248447E+00
         502  0.1950100E+03  0.4763570E+02  0.2402329E+04  0.2443723E+04  0.8231549E+00  0.8246452E+00
         503  0.6327497E+02  0.7061571E+02  0.2425075E+04  0.2466802E+04  0.8229578E+00  0.8244216E+00
         504 -0.1737525E+02  0.4191206E+02  0.2447985E+04  0.2490075E+04  0.8227321E+00  0.8242254E+00
         505 -0.7572905E+02  0.3798721E+03  0.2471122E+04  0.2513545E+04  0.8225359E+00  0.8240076E+00
         506 -0.7065115E+02  0.1723563E+03  0.2494448E+04  0.2537243E+04  0.8223360E+00  0.8238184E+00
         507  0.2216553E+03  0.4166170E+03  0.2517962E+04  0.2561101E+04  0.8221142E+00  0.8236068E+00
         508 -0.5469019E+02  0.4735546E+02  0.2541699E+04  0.2585154E+04  0.8219221E+00  0.8234050E+00
         509 -0.2134944E+03 -0.4449358E+03  0.2565588E+04  0.2609461E+04  0.8217062E+00  0.8232071E+00
         510 -0.1680224E+03 -0.1272229E+02  0.2589722E+04  0.2633934E+04  0.8215171E+00  0.8230174E+00
         511  0.3993070E+03  0.3285902E+02  0.2614046E+04  0.2658610E+04  0.8213188E+00  0.8227982E+00
         512  0.1333185E+03 -0.2469553E+03  0.2638545E+04  0.2683508E+04  0.8210980E+00  0.8226125E+00
         513  0.4630570E+03 -0.4570593E+02  0.2663287E+04  0.2708581E+04  0.8209080E+00  0.8224041E+00
         514  0.2163129E+03 -0.1252729E+02  0.2688207E+04  0.2733911E+04  0.8207022E+00  0.8222165E+00
         515 -0.4943633E+02  0.4687217E+02  0.2713352E+04  0.2759411E+04  0.8205014E+00  0.8220004E+00
         516 -0.1291741E+03 -0.2278128E+02  0.2738678E+04  0.2785148E+04  0.8202894E+00  0.8218114E+00
         517 -0.4496521E+03 -0.2615503E+02  0.2764259E+04  0.2811100E+04  0.8200937E+00  0.8216160E+00
         518 -0.8351381E+02  0.7709529E+01  0.2790000E+04  0.2837235E+04  0.8198842E+00  0.8214124E+00
         519 -0.2123997E+02 -0.1129867E+03  0.2815997E+04  0.2863601E+04  0.8196968E+00  0.8212227E+00
         520  0.1303193E+03  0.4228401E+03  0.2842159E+04  0.2890189E+04  0.8194966E+00  0.8210250E+00
         521 -0.3579174E+02 -0.1467610E+03  0.2868593E+04  0.2916981E+04  0.8193018E+00  0.8208330E+00
         522 -0.2885088E+03  0.1789485E+03  0.2895194E+04  0.2943991E+04  0.8190898E+00  0.8206415E+00
         523 -0.1156708E+03 -0.4164610E+02  0.2922053E+04  0.2971253E+04  0.8189081E+00  0.8204472E+00
         524  0.2187815E+03 -0.1985669E+03  0.2949104E+04  0.2998713E+04  0.8187119E+00  0.8202509E+00
         525 -0.3629485E+03 -0.7506673E+02  0.2976375E+04  0.3026382E+04  0.8185152E+00  0.8200656E+00
         526  0.2030017E+03  0.1831734E+03  0.3003866E+04  0.3054282E+04  0.8183129E+00  0.8198653E+00
         527 -0.2849997E+02  0.1883650E+02  0.3031567E+04  0.3082420E+04  0.8181157E+00  0.8196794E+00
         528 -0.2291063E+03 -0.6519803E+02  0.3059522E+04  0.3110761E+04  0.8179287E+00  0.8194749E+00
         529  0.1111312E+03  0.1358145E+03  0.3087694E+04  0.3139362E+04  0.8177326E+00  0.8192874E+00
         530  0.1835949E+03 -0.6789179E+02  0.3116082E+04  0.3168161E+04  0.8175403E+00  0.8191023E+00
         531 -0.6474744E+02  0.4669894E+02  0.3144712E+04  0.3197213E+04  0.8173586E+00  0.8189089E+00
         532  0.4060883E+03 -0.1976960E+03  0.3173554E+04  0.3226478E+04  0.8171657E+00  0.8187255E+00
         533  0.1281647E+03 -0.3032776E+03  0.3202632E+04  0.3255990E+04  0.8169646E+00  0.8185423E+00
         534 -0.1230925E+03 -0.1241393E+03  0.3231920E+04  0.3285733E+04  0.8167830E+00  0.8183610E+00
         535 -0.9765031E+02  0.1933230E+03  0.3261462E+04  0.3315699E+04  0.8165926E+00  0.8181618E+00
         536  0.3617248E+03  0.1281392E+03  0.3291226E+04  0.3345904E+04  0.8164044E+00  0.8179758E+00
         537  0.1846080E+03 -0.2568834E+03  0.3321249E+04  0.3376371E+04  0.8162158E+00  0.8177956E+00
         538  0.3692584E+02  0.4007288E+03  0.3351504E+04  0.3407050E+04  0.8160405E+00  0.8176100E+00
         539 -0.3138613E+03 -0.4360544E+02  0.3381965E+04  0.3437966E+04  0.8158517E+00  0.8174275E+00
         540  0.3949997E+02  0.1580605E+03  0.3412703E+04  0.3469149E+04  0.8156645E+00  0.8172482E+00
         541  0.3322605E+03 -0.3938675E+03  0.3443646E+04  0.3500561E+04  0.8154752E+00  0.8170645E+00
         542  0.1017830E+03 -0.7476827E+01  0.3474849E+04  0.3532230E+04  0.8152981E+00  0.8168866E+00
         543 -0.4230387E+03 -0.8770290E+02  0.3506296E+04  0.3564125E+04  0.8151149E+00  0.8167109E+00
         544  0.5108402E+03  0.3663614E+03  0.3537989E+04  0.3596294E+04  0.8149285E+00  0.8165296E+00
         545 -0.2159530E+03 -0.1695653E+03  0.3569921E+04  0.3628707E+04  0.8147476E+00  0.8163493E+00
         546 -0.1028500E+03 -0.2074329E+03  0.3602113E+04  0.3661342E+04  0.8145759E+00  0.8161680E+00
         547 -0.2108090E+03 -0.3211107E+03  0.3634530E+04  0.3694252E+04  0.8143975E+00  0.8160007E+00
         548  0.8715364E+02 -0.4874983E+03  0.3667222E+04  0.3727423E+04  0.8142189E+00  0.8158276E+00
         549  0.8552984E+02  0.3018700E+03  0.3700164E+04  0.3760833E+04  0.8140448E+00  0.8156483E+00
         550  0.2385971E+03  0.1647342E+02  0.3733365E+04  0.3794512E+04  0.8138702E+00  0.8154784E+00
         551 -0.4540232E+01 -0.4201862E+02  0.3766803E+04  0.3828461E+04  0.8136822E+00  0.8153102E+00
         552  0.4538806E+03 -0.4322462E+02  0.3800511E+04  0.3862668E+04  0.8135127E+00  0.8151357E+00
         553  0.3310934E+03  0.4130089E+03  0.3834494E+04  0.3897135E+04  0.8133408E+00  0.8149715E+00
         554  0.3832664E+03 -0.2232851E+03  0.3868701E+04  0.3931846E+04  0.8131686E+00  0.8147942E+00
         555 -0.3799266E+03 -0.5044531E+02  0.3903228E+04  0.3966847E+04  0.8130079E+00  0.8146264E+00
         556 -0.1538841E+03  0.4721082E+03  0.3937975E+04  0.4002109E+04  0.8128300E+00  0.8144614E+00
         557 -0.2094723E+03  0.1012940E+03  0.3973015E+04  0.4037655E+04  0.8126698E+00  0.8142958E+00
         558 -0.3237171E+03 -0.1331774E+03  0.4008311E+04  0.4073488E+04  0.8125018E+00  0.8141340E+00
         559 -0.2819283E+03  0.2357216E+02  0.4043884E+04  0.4109565E+04  0.8123364E+00  0.8139627E+00
         560 -0.1617693E+03  0.1998439E+03  0.4079717E+04  0.4145941E+04  0.8121620E+00  0.8138059E+00
         561 -0.3183406E+03 -0.4188564E+02  0.4115850E+04  0.4182570E+04  0.8120062E+00  0.8136403E+00
         562  0.1196048E+03  0.3403582E+03  0.4152261E+04  0.4219536E+04  0.8118348E+00  0.8134862E+00
         563  0.1267700E+03  0.3130451E+03  0.4188920E+04  0.4256737E+04  0.8116663E+00  0.8133193E+00
         564  0.2746980E+03 -0.1846075E+03  0.4225936E+04  0.4294213E+04  0.8115124E+00  0.8131574E+00
         565 -0.4017917E+03  0.5083339E+02  0.4263186E+04  0.4332079E+04  0.8113596E+00  0.8130069E+00
         566  0.4038763E+03  0.4182922E+03  0.4300694E+04  0.4370151E+04  0.8111866E+00  0.8128523E+00
         567  0.2432614E+03 -0.7715495E+01  0.4338586E+04  0.4408517E+04  0.8110431E+00  0.8126937E+00
         568 -0.2370456E+03 -0.1712156E+03  0.4376701E+04  0.4447184E+04  0.8108850E+00  0.8125370E+00
         569 -0.1548726E+03 -0.4136699E+03  0.4415124E+04  0.4486145E+04  0.8107178E+00  0.8123797E+00
         570  0.1089812E+03  0.1141460E+03  0.4453830E+04  0.4525424E+04  0.8105605E+00  0.8122225E+00
         571  0.3324063E+03 -0.1484613E+03  0.4492919E+04  0.4565095E+04  0.8104130E+00  0.8120800E+00
         572 -0.6604005E+02 -0.2295950E+03  0.4532226E+04  0.4604977E+04  0.8102564E+00  0.8119244E+00
         573 -0.7302152E+02  0.2760860E+03  0.4571866E+04  0.4645163E+04  0.8101019E+00  0.8117664E+00
         574  0.2211817E+03 -0.1682765E+03  0.4611864E+04  0.4685754E+04  0.8099583E+00  0.8116388E+00
         575 -0.2219574E+03 -0.4055525E+03  0.4652125E+04  0.4726569E+04  0.8098020E+00  0.8114800E+00
         576  0.1829494E+03 -0.2191985E+03  0.4692710E+04  0.4767868E+04  0.8096509E+00  0.8113544E+00
         577  0.3739056E+03  0.2925372E+03  0.4733587E+04  0.4809278E+04  0.8095006E+00  0.8111879E+00
         578  0.3293947E+03 -0.2006764E+02  0.4774808E+04  0.4851158E+04  0.8093500E+00  0.8110510E+00
         579  0.2318697E+03 -0.1539593E+03  0.4816502E+04  0.4893194E+04  0.8092290E+00  0.8108848E+00
         580 -0.4244138E+03 -0.5892177E+03  0.4858365E+04  0.4935637E+04  0.8090702E+00  0.8107351E+00
         581 -0.9999469E+02 -0.5146455E+02  0.4900610E+04  0.4978454E+04  0.8089325E+00  0.8105842E+00
         582  0.6401439E+03  0.2277157E+02  0.4943022E+04  0.5021731E+04  0.8087587E+00  0.8104678E+00
         583 -0.5261562E+03  0.1082521E+03  0.4985889E+04  0.5065120E+04  0.8086072E+00  0.8102997E+00
         584 -0.2450506E+02  0.3406330E+03  0.5029152E+04  0.5108949E+04  0.8084674E+00  0.8101453E+00
         585 -0.3840203E+03  0.1981731E+03  0.5072787E+04  0.5153174E+04  0.8083276E+00  0.8100142E+00
         586  0.6566124E+02 -0.5295702E+03  0.5116829E+04  0.5197785E+04  0.8082058E+00  0.8098788E+00
         587 -0.1911860E+02 -0.2591052E+03  0.5161040E+04  0.5242668E+04  0.8080496E+00  0.8097321E+00
         588 -0.2083355E+03 -0.8706613E+02  0.5205702E+04  0.5288131E+04  0.8079119E+00  0.8096265E+00
         589  0.3929809E+03  0.1772340E+03  0.5250751E+04  0.5333758E+04  0.8077735E+00  0.8094795E+00
         590  0.1550104E+02  0.3057755E+02  0.5295988E+04  0.5379611E+04  0.8076150E+00  0.8093221E+00
         591  0.5127157E+03 -0.1385305E+03  0.5341678E+04  0.5426166E+04  0.8074749E+00  0.8092120E+00
         592 -0.9756523E+02 -0.1633634E+03  0.5387897E+04  0.5472835E+04  0.8073542E+00  0.8090530E+00
         593  0.6966263E+02  0.1537309E+02  0.5434307E+04  0.5519827E+04  0.8072037E+00  0.8089039E+00
         594  0.2363293E+03 -0.2515750E+03  0.5481046E+04  0.5567368E+04  0.8070439E+00  0.8087698E+00
         595  0.5548219E+02  0.4415059E+03  0.5528493E+04  0.5615394E+04  0.8069383E+00  0.8086518E+00
         596 -0.1450246E+03  0.2828186E+03  0.5575958E+04  0.5663440E+04  0.8067837E+00  0.8084800E+00
         597 -0.5858772E+03 -0.3601747E+03  0.5623995E+04  0.5712338E+04  0.8066516E+00  0.8083765E+00
         598  0.2415460E+02 -0.5327233E+03  0.5672334E+04  0.5761353E+04  0.8065114E+00  0.8082371E+00
         599  0.2438818E+03 -0.1949800E+03  0.5721088E+04  0.5810759E+04  0.8063753E+00  0.8080945E+00
         600 -0.1684385E+03 -0.1413883E+02  0.5770398E+04  0.5860710E+04  0.8062557E+00  0.8079706E+00
         601 -0.8856136E+02 -0.1223702E+03  0.5819870E+04  0.5910931E+04  0.8061053E+00  0.8078336E+00
         602  0.2076770E+03 -0.6735110E+03  0.5869669E+04  0.5961759E+04  0.8059543E+00  0.8077176E+00
         603  0.1614371E+03 -0.5586826E+03  0.5920237E+04  0.6012699E+04  0.8058412E+00  0.8075631E+00
         604  0.7360973E+02  0.9480436E+03  0.5970911E+04  0.6064184E+04  0.8056927E+00  0.8074324E+00
         605  0.3254437E+03  0.9168102E+02  0.6022140E+04  0.6115997E+04  0.8055640E+00  0.8072894E+00
         606 -0.2472723E+02 -0.2708104E+01  0.6073848E+04  0.6168585E+04  0.8054377E+00  0.8071916E+00
         607  0.2950617E+02  0.2727013E+03  0.6125783E+04  0.6221277E+04  0.8052998E+00  0.8070480E+00
         608  0.6206016E+03  0.2650978E+03  0.6178367E+04  0.6274357E+04  0.8051824E+00  0.8069002E+00
         609  0.4034160E+03  0.5489373E+03  0.6230947E+04  0.6327929E+04  0.8050121E+00  0.8067656E+00
         610 -0.7853349E+02 -0.2151740E+03  0.6284475E+04  0.6382106E+04  0.8049127E+00  0.8066497E+00
         611 -0.3099553E+03 -0.9567766E+03  0.6338205E+04  0.6436551E+04  0.8047723E+00  0.8065147E+00
         612  0.6959729E+03 -0.1829461E+03  0.6392383E+04  0.6491435E+04  0.8046461E+00  0.8063805E+00
         613 -0.3849675E+03 -0.2064308E+03  0.6446987E+04  0.6546989E+04  0.8045138E+00  0.8062732E+00
         614 -0.2055516E+03 -0.4004474E+03  0.6502034E+04  0.6602745E+04  0.8043824E+00  0.8061339E+00
         615  0.4515321E+03  0.1061886E+03  0.6557567E+04  0.6659060E+04  0.8042575E+00  0.8060086E+00
         616  0.4011252E+03  0.1856098E+03  0.6613363E+04  0.6715921E+04  0.8041123E+00  0.8059002E+00
         617 -0.9594251E+02  0.9677422E+02  0.6669723E+04  0.6773104E+04  0.8039781E+00  0.8057714E+00
         618 -0.2775794E+03  0.1028420E+03  0.6726610E+04  0.6830671E+04  0.8038517E+00  0.8056333E+00
         619 -0.2428990E+03 -0.3199855E+03  0.6783894E+04  0.6888776E+04  0.8037210E+00  0.8055068E+00
         620  0.7335119E+03 -0.3388878E+03  0.6841703E+04  0.6947443E+04  0.8036006E+00  0.8053883E+00
         621  0.4092745E+02  0.2887237E+03  0.6899845E+04  0.7006477E+04  0.8034637E+00  0.8052604E+00
         622  0.4347917E+03 -0.3932715E+03  0.6958823E+04  0.7066070E+04  0.8033683E+00  0.8051465E+00
         623 -0.6519337E+02 -0.2342680E+03  0.7017921E+04  0.7126030E+04  0.8032303E+00  0.8050120E+00
         624 -0.3994220E+03  0.7753022E+01  0.7077540E+04  0.7186482E+04  0.8030978E+00  0.8048874E+00
         625  0.5639973E+03  0.2258825E+03  0.7137744E+04  0.7247583E+04  0.8029867E+00  0.8047808E+00
         626 -0.1268439E+03  0.3719947E+03  0.7198310E+04  0.7308957E+04  0.8028547E+00  0.8046407E+00
         627  0.6270746E+03 -0.6108542E+03  0.7259432E+04  0.7370761E+04  0.8027310E+00  0.8045073E+00
         628 -0.5594979E+03 -0.1674439E+03  0.7320917E+04  0.7433327E+04  0.8025947E+00  0.8043963E+00
         629 -0.4765402E+03  0.4256207E+01  0.7382941E+04  0.7496264E+04  0.8024678E+00  0.8042706E+00
         630 -0.9184189E+03  0.4558998E+03  0.7445525E+04  0.7559746E+04  0.8023491E+00  0.8041608E+00
         631  0.6217596E+03 -0.7273068E+03  0.7508738E+04  0.7623779E+04  0.8022392E+00  0.8040470E+00
         632  0.2966067E+03 -0.3772283E+03  0.7572232E+04  0.7688172E+04  0.8021087E+00  0.8039103E+00
         633  0.2737825E+03  0.5688517E+03  0.7636350E+04  0.7753336E+04  0.8019946E+00  0.8038129E+00
         634  0.2228560E+03 -0.4849530E+03  0.7701022E+04  0.7818697E+04  0.8018802E+00  0.8036843E+00
         635 -0.1512492E+03  0.4467214E+03  0.7766048E+04  0.7884821E+04  0.8017523E+00  0.8035713E+00
         636  0.6965367E+03  0.7851085E+02  0.7831621E+04  0.7951308E+04  0.8016230E+00  0.8034495E+00
         637 -0.1217296E+03 -0.5557478E+03  0.7898019E+04  0.8018342E+04  0.8015336E+00  0.8033217E+00
         638  0.5207565E+02  0.3482388E+02  0.7964767E+04  0.8086197E+04  0.8014237E+00  0.8032369E+00
         639  0.4666204E+03 -0.5116766E+03  0.8031646E+04  0.8154188E+04  0.8012694E+00  0.8030995E+00
         640  0.7133818E+00 -0.3813468E+03  0.8099763E+04  0.8222801E+04  0.8011867E+00  0.8029703E+00
         641  0.2868470E+03  0.4960497E+03  0.8167807E+04  0.8292107E+04  0.8010471E+00  0.8028694E+00
         642  0.3046702E+03  0.9396902E+02  0.8236818E+04  0.8362090E+04  0.8009491E+00  0.8027755E+00
         643  0.7854534E+03 -0.9156454E+02  0.8306230E+04  0.8432202E+04  0.8008346E+00  0.8026322E+00
         644 -0.3453418E+03 -0.2694525E+03  0.8375988E+04  0.8503077E+04  0.8007070E+00  0.8025160E+00
         645 -0.4051841E+03  0.3659224E+03  0.8446546E+04  0.8574779E+04  0.8005950E+00  0.8024345E+00
         646  0.2696855E+03  0.4558625E+03  0.8517462E+04  0.8646599E+04  0.8004652E+00  0.8022996E+00
         647  0.5791978E+03 -0.8815610E+03  0.8589180E+04  0.8719240E+04  0.8003657E+00  0.8021892E+00
         648  0.1756767E+03  0.5727511E+03  0.8661512E+04  0.8792650E+04  0.8002706E+00  0.8020900E+00
         649  0.1584091E+03  0.1808239E+03  0.8733965E+04  0.8866283E+04  0.8001258E+00  0.8019700E+00
         650  0.2107366E+02 -0.1289743E+03  0.8807654E+04  0.8940425E+04  0.8000454E+00  0.8018441E+00
         651  0.7929955E+02 -0.4359015E+03  0.8881256E+04  0.9015646E+04  0.7999042E+00  0.8017524E+00
         652  0.2306960E+03  0.7525565E+02  0.8955886E+04  0.9091197E+04  0.7998061E+00  0.8016508E+00
         653 -0.4183086E+03 -0.8227585E+03  0.9030899E+04  0.9167144E+04  0.7996881E+00  0.8015287E+00
         654 -0.7727580E+02 -0.3753532E+03  0.9106726E+04  0.9244112E+04  0.7995913E+00  0.8014358E+00
         655  0.2285700E+03 -0.2354218E+03  0.9182936E+04  0.9321469E+04  0.7994733E+00  0.8013365E+00
         656  0.3405938E+03  0.6182181E+03  0.9259909E+04  0.9399206E+04  0.7993744E+00  0.8012047E+00
         657 -0.1237547E+03  0.1036419E+04  0.9337311E+04  0.9477709E+04  0.7992561E+00  0.8010972E+00
         658  0.8116066E+03 -0.2725739E+02  0.9415474E+04  0.9557075E+04  0.7991487E+00  0.8010026E+00
         659 -0.3989439E+03 -0.5628426E+03  0.9494016E+04  0.9637034E+04  0.7990276E+00  0.8009073E+00
         660  0.2545592E+03 -0.4536488E+03  0.9573633E+04  0.9717333E+04  0.7989413E+00  0.8007823E+00
         661 -0.5185463E+03 -0.7946450E+03  0.9653569E+04  0.9798472E+04  0.7988234E+00  0.8006865E+00
         662  0.6674998E+03  0.1191738E+03  0.9734108E+04  0.9880217E+04  0.7987112E+00  0.8005797E+00
         663 -0.2320755E+03  0.2577013E+03  0.9815281E+04  0.9962550E+04  0.7986045E+00  0.8004618E+00
         664 -0.8264650E+01  0.5170345E+03  0.9897476E+04  0.1004570E+05  0.7985207E+00  0.8003754E+00
         665  0.6498494E+03 -0.4121142E+03  0.9979826E+04  0.1012944E+05  0.7983975E+00  0.8002764E+00
         666 -0.1173002E+04 -0.6670095E+03  0.1006300E+05  0.1021381E+05  0.7982923E+00  0.8001727E+00
         667 -0.6240562E+03  0.2942028E+03  0.1014695E+05  0.1029872E+05  0.7981896E+00  0.8000598E+00
         668  0.2779700E+03 -0.5527723E+03  0.1023133E+05  0.1038431E+05  0.7980793E+00  0.7999505E+00
         669 -0.4762981E+03 -0.3950942E+03  0.1031650E+05  0.1047067E+05  0.7979698E+00  0.7998398E+00
         670 -0.3954875E+03  0.3190694E+03  0.1040232E+05  0.1055766E+05  0.7978612E+00  0.7997327E+00
         671  0.4279384E+03  0.1724343E+03  0.1048893E+05  0.1064551E+05  0.7977701E+00  0.7996450E+00
         672  0.1457449E+03  0.1494147E+04  0.1057613E+05  0.1073392E+05  0.7976628E+00  0.7995416E+00
         673  0.3494889E+03  0.3687935E+03  0.1066394E+05  0.1082297E+05  0.7975532E+00  0.7994414E+00
         674 -0.2152734E+03 -0.5130344E+03  0.1075260E+05  0.1091302E+05  0.7974592E+00  0.7993513E+00
         675 -0.5260210E+03  0.1677867E+03  0.1084206E+05  0.1100328E+05  0.7973699E+00  0.7992361E+00
         676  0.2463167E+03  0.7743571E+03  0.1093186E+05  0.1109455E+05  0.7972521E+00  0.7991384E+00
         677 -0.1420662E+03 -0.2652336E+03  0.1102257E+05  0.1118643E+05  0.7971548E+00  0.7990378E+00
         678  0.7628346E+03 -0.8814413E+03  0.1111406E+05  0.1127917E+05  0.7970605E+00  0.7989457E+00
         679 -0.1088267E+04  0.3529775E+03  0.1120593E+05  0.1137251E+05  0.7969400E+00  0.7988365E+00
         680 -0.7491691E+03 -0.9665596E+03  0.1129864E+05  0.1146669E+05  0.7968330E+00  0.7987444E+00
         681 -0.7764069E+03  0.5419564E+02  0.1139221E+05  0.1156145E+05  0.7967402E+00  0.7986461E+00
         682 -0.3458322E+03  0.1092888E+04  0.1148655E+05  0.1165708E+05  0.7966411E+00  0.7985503E+00
         683  0.1153009E+04  0.2087644E+03  0.1158155E+05  0.1175328E+05  0.7965423E+00  0.7984446E+00
         684 -0.9252708E+02 -0.6710322E+02  0.1167736E+05  0.1185036E+05  0.7964474E+00  0.7983527E+00
         685  0.5603679E+02 -0.2698264E+03  0.1177375E+05  0.1194821E+05  0.7963449E+00  0.7982550E+00
         686  0.7850180E+03 -0.1559445E+04  0.1187100E+05  0.1204671E+05  0.7962499E+00  0.7981543E+00
         687 -0.3518108E+03  0.8442773E+02  0.1196906E+05  0.1214583E+05  0.7961547E+00  0.7980506E+00
         688 -0.1187463E+03  0.7539429E+03  0.1206773E+05  0.1224595E+05  0.7960591E+00  0.7979541E+00
         689  0.6728284E+03 -0.1095143E+04  0.1216726E+05  0.1234698E+05  0.7959596E+00  0.7978738E+00
         690  0.1509319E+04  0.4622755E+03  0.1226731E+05  0.1244836E+05  0.7958558E+00  0.7977632E+00
         691 -0.6395621E+03 -0.6076551E+02  0.1236826E+05  0.1255077E+05  0.7957534E+00  0.7976671E+00
         692 -0.6705028E+03 -0.3365322E+03  0.1247003E+05  0.1265404E+05  0.7956564E+00  0.7975780E+00
         693  0.1369786E+04  0.1833874E+04  0.1257242E+05  0.1275791E+05  0.7955500E+00  0.7974827E+00
         694  0.1675089E+03  0.1537576E+03  0.1267584E+05  0.1286257E+05  0.7954653E+00  0.7973810E+00
         695  0.4143595E+02  0.3828820E+03  0.1277986E+05  0.1296817E+05  0.7953644E+00  0.7972958E+00
         696  0.1102426E+04  0.1806413E+03  0.1288471E+05  0.1307452E+05  0.7952688E+00  0.7972043E+00
         697 -0.1374034E+04  0.6035132E+02  0.1299040E+05  0.1318146E+05  0.7951726E+00  0.7970849E+00
         698 -0.8453240E+03  0.8262968E+02  0.1309666E+05  0.1328946E+05  0.7950787E+00  0.7970218E+00
         699 -0.8464615E+03  0.1992113E+03  0.1320423E+05  0.1339813E+05  0.7949859E+00  0.7969244E+00
         700  0.4223236E+03 -0.4337031E+03  0.1331214E+05  0.1350757E+05  0.7948806E+00  0.7968093E+00
         701  0.1761381E+04 -0.6794311E+02  0.1342093E+05  0.1361786E+05  0.7947798E+00  0.7967361E+00
         702 -0.5475148E+03 -0.1180050E+04  0.1353047E+05  0.1372919E+05  0.7946901E+00  0.7966520E+00
         703  0.3078873E+03 -0.1486672E+04  0.1364110E+05  0.1384116E+05  0.7946241E+00  0.7965384E+00
         704  0.9829510E+03 -0.2663561E+03  0.1375233E+05  0.1395390E+05  0.7945251E+00  0.7964584E+00
         705  0.1333011E+04  0.1256683E+04  0.1386436E+05  0.1406752E+05  0.7944026E+00  0.7963630E+00
         706 -0.1836139E+04 -0.1543753E+04  0.1397726E+05  0.1418216E+05  0.7943280E+00  0.7962962E+00
         707  0.7458362E+03  0.4800931E+01  0.1409120E+05  0.1429716E+05  0.7942427E+00  0.7961493E+00
         708  0.5023456E+03 -0.5491754E+03  0.1420568E+05  0.1441347E+05  0.7941326E+00  0.7960621E+00
         709  0.3095389E+03 -0.7219994E+02  0.1432104E+05  0.1453035E+05  0.7940508E+00  0.7959915E+00
         710 -0.4758695E+03  0.1219887E+02  0.1443719E+05  0.1464855E+05  0.7939603E+00  0.7959456E+00
         711  0.2859217E+03  0.1620226E+02  0.1455438E+05  0.1476730E+05  0.7938541E+00  0.7958525E+00
         712  0.1346380E+04  0.2642481E+03  0.1467241E+05  0.1488663E+05  0.7937764E+00  0.7957395E+00
         713  0.6286003E+03 -0.1494825E+04  0.1479123E+05  0.1500709E+05  0.7936649E+00  0.7956445E+00
         714 -0.2704218E+03  0.5369960E+03  0.1491116E+05  0.1512827E+05  0.7935972E+00  0.7955390E+00
         715 -0.1427278E+04 -0.3303614E+03  0.1503163E+05  0.1525081E+05  0.7935120E+00  0.7954915E+00
         716 -0.1111552E+04  0.9394437E+03  0.1515294E+05  0.1537391E+05  0.7933923E+00  0.7953674E+00
         717 -0.6419603E+03  0.1645151E+04  0.1527549E+05  0.1549785E+05  0.7933260E+00  0.7953029E+00
         718  0.7755116E+02  0.4389111E+03  0.1539836E+05  0.1562281E+05  0.7932319E+00  0.7952142E+00
         719 -0.1067946E+04 -0.1098549E+04  0.1552259E+05  0.1574833E+05  0.7931316E+00  0.7951106E+00
         720 -0.1436317E+04  0.6937140E+03  0.1564756E+05  0.1587518E+05  0.7930540E+00  0.7950627E+00
         721  0.9486223E+03  0.9781964E+03  0.1577367E+05  0.1600259E+05  0.7929946E+00  0.7949645E+00
         722 -0.5373485E+03 -0.2604532E+03  0.1590000E+05  0.1613129E+05  0.7928972E+00  0.7948599E+00
         723  0.1353262E+04  0.5877355E+03  0.1602789E+05  0.1626079E+05  0.7928066E+00  0.7948121E+00
         724 -0.6215469E+03 -0.9770413E+03  0.1615639E+05  0.1639112E+05  0.7927355E+00  0.7946976E+00
         725  0.9745459E+03 -0.2190729E+04  0.1628615E+05  0.1652217E+05  0.7926498E+00  0.7946121E+00
         726 -0.6310903E+03  0.3437421E+03  0.1641646E+05  0.1665437E+05  0.7925536E+00  0.7945356E+00
         727  0.1006009E+04 -0.1688570E+04  0.1654807E+05  0.1678782E+05  0.7924737E+00  0.7944491E+00
         728  0.5107988E+03  0.1533206E+03  0.1668023E+05  0.1692177E+05  0.7923816E+00  0.7943735E+00
         729  0.4204535E+03  0.1598422E+04  0.1681344E+05  0.1705689E+05  0.7922932E+00  0.7942823E+00
         730  0.5111115E+02  0.6763668E+03  0.1694767E+05  0.1719296E+05  0.7922148E+00  0.7941937E+00
         731 -0.8563201E+03 -0.3542470E+03  0.1708293E+05  0.1732984E+05  0.7921461E+00  0.7941045E+00
         732 -0.1620145E+04  0.9710718E+03  0.1721892E+05  0.1746796E+05  0.7920393E+00  0.7940289E+00
         733  0.8236868E+03 -0.5966371E+03  0.1735607E+05  0.1760695E+05  0.7919735E+00  0.7939554E+00
         734 -0.1913117E+03 -0.1592235E+03  0.1749390E+05  0.1774696E+05  0.7918708E+00  0.7938849E+00
         735  0.4808783E+03 -0.2536605E+04  0.1763332E+05  0.1788748E+05  0.7918034E+00  0.7938012E+00
         736 -0.9751849E+02 -0.3144835E+03  0.1777325E+05  0.1802956E+05  0.7917165E+00  0.7937172E+00
         737  0.5369735E+02 -0.4728826E+03  0.1791419E+05  0.1817267E+05  0.7916364E+00  0.7936424E+00
         738  0.8264358E+03 -0.2201727E+04  0.1805619E+05  0.1831649E+05  0.7915643E+00  0.7935582E+00
         739 -0.5778098E+03  0.8582937E+03  0.1819919E+05  0.1846137E+05  0.7914439E+00  0.7934823E+00
         740 -0.6436221E+03 -0.4818090E+03  0.1834324E+05  0.1860756E+05  0.7913867E+00  0.7933953E+00
         741 -0.1104116E+04 -0.1692568E+04  0.1848830E+05  0.1875449E+05  0.7913055E+00  0.7933331E+00
         742 -0.7490953E+03  0.1885334E+04  0.1863459E+05  0.1890267E+05  0.7912405E+00  0.7932577E+00
         743 -0.3643818E+03 -0.6106416E+03  0.1878140E+05  0.1905165E+05  0.7911316E+00  0.7931502E+00
         744 -0.4746920E+03 -0.1046013E+04  0.1892975E+05  0.1920188E+05  0.7910779E+00  0.7930626E+00
         745  0.1368461E+04 -0.1465659E+02  0.1907879E+05  0.1935312E+05  0.7909927E+00  0.7930019E+00
         746 -0.2396038E+03 -0.3602612E+03  0.1922918E+05  0.1950537E+05  0.7908990E+00  0.7929230E+00
         747 -0.3387440E+03 -0.4753885E+02  0.1938050E+05  0.1965887E+05  0.7908345E+00  0.7928347E+00
         748 -0.8557766E+03  0.1272682E+04  0.1953313E+05  0.1981340E+05  0.7907627E+00  0.7927758E+00
         749 -0.7945239E+01  0.3253953E+03  0.1968645E+05  0.1996894E+05  0.7906802E+00  0.7927217E+00
         750  0.1011736E+04 -0.2572980E+03  0.1984100E+05  0.2012537E+05  0.7905883E+00  0.7926179E+00
         751  0.4415651E+03 -0.4134998E+03  0.1999689E+05  0.2028315E+05  0.7905411E+00  0.7925586E+00
         752  0.8243978E+03 -0.8598463E+03  0.2015348E+05  0.2044215E+05  0.7904605E+00  0.7924610E+00
         753 -0.2004897E+04 -0.2210854E+04  0.2031125E+05  0.2060218E+05  0.7903693E+00  0.7923946E+00
         754 -0.1629799E+04  0.6392388E+02  0.2047023E+05  0.2076325E+05  0.7902879E+00  0.7923353E+00
         755  0.4628289E+03 -0.3727779E+02  0.2063024E+05  0.2092550E+05  0.7902114E+00  0.7922366E+00
         756 -0.9497467E+03 -0.1316100E+03  0.2079143E+05  0.2108861E+05  0.7901275E+00  0.7921633E+00
         757  0.9973546E+03 -0.1784867E+04  0.2095382E+05  0.2125326E+05  0.7900797E+00  0.7920918E+00
         758 -0.6511022E+03  0.6592734E+01  0.2111725E+05  0.2141910E+05  0.7899883E+00  0.7920315E+00
         759  0.1813674E+04  0.1137731E+04  0.2128185E+05  0.2158616E+05  0.7899055E+00  0.7919587E+00
         760 -0.5608898E+03  0.1087741E+04  0.2144764E+05  0.2175405E+05  0.7898415E+00  0.7918624E+00
         761 -0.2350301E+04  0.2345171E+04  0.2161462E+05  0.2192332E+05  0.7897376E+00  0.7918052E+00
         762  0.8479439E+02 -0.3544397E+04  0.2178278E+05  0.2209377E+05  0.7896726E+00  0.7917382E+00
         763  0.6086558E+03  0.5597092E+03  0.2195232E+05  0.2226522E+05  0.7896204E+00  0.7916521E+00
         764  0.6585954E+03  0.2711209E+04  0.2212286E+05  0.2243805E+05  0.7895334E+00  0.7915651E+00
         765 -0.1789978E+03  0.1710731E+04  0.2229456E+05  0.2261207E+05  0.7894526E+00  0.7915094E+00
         766  0.1231105E+04  0.1512027E+03  0.2246746E+05  0.2278745E+05  0.7893845E+00  0.7914471E+00
         767 -0.5865416E+03 -0.8063494E+03  0.2264136E+05  0.2296401E+05  0.7893035E+00  0.7913761E+00
         768  0.2605606E+04 -0.2642555E+03  0.2281659E+05  0.2314156E+05  0.7892339E+00  0.7912853E+00
         769  0.6541912E+03  0.5879380E+03  0.2299355E+05  0.2332063E+05  0.7891740E+00  0.7912194E+00
         770  0.9234723E+03 -0.7791494E+03  0.2317112E+05  0.2350072E+05  0.7891085E+00  0.7911586E+00
         771  0.1971081E+04 -0.3164148E+03  0.2335042E+05  0.2368215E+05  0.7890483E+00  0.7910894E+00
         772 -0.2696905E+03  0.8716989E+03  0.2353049E+05  0.2386473E+05  0.7889404E+00  0.7910112E+00
         773  0.5759164E+03 -0.6175907E+03  0.2371191E+05  0.2404866E+05  0.7888961E+00  0.7909271E+00
         774 -0.5304021E+03  0.1113161E+04  0.2389468E+05  0.2423412E+05  0.7888252E+00  0.7908655E+00
         775  0.1921777E+04  0.5626089E+03  0.2407896E+05  0.2442057E+05  0.7887321E+00  0.7908095E+00
         776  0.4672956E+03  0.3556064E+03  0.2426438E+05  0.2460852E+05  0.7886699E+00  0.7907323E+00
         777 -0.5018133E+03  0.7300082E+03  0.2445115E+05  0.2479779E+05  0.7886079E+00  0.7906703E+00
         778  0.8708275E+03  0.5877355E+03  0.2463905E+05  0.2498786E+05  0.7885296E+00  0.7905846E+00
         779 -0.1557937E+04  0.2592865E+01  0.2482827E+05  0.2517978E+05  0.7884693E+00  0.7905138E+00
         780 -0.4240797E+04 -0.2093692E+04  0.2501880E+05  0.2537285E+05  0.7884056E+00  0.7904543E+00
         781  0.2018108E+03  0.9446262E+03  0.2521047E+05  0.2556762E+05  0.7883297E+00  0.7903964E+00
         782  0.2280163E+04 -0.2852554E+04  0.2540381E+05  0.2576333E+05  0.7882551E+00  0.7903270E+00
         783  0.1654181E+04 -0.3168015E+03  0.2559806E+05  0.2596012E+05  0.7881929E+00  0.7902415E+00
         784 -0.6923313E+02 -0.1160476E+04  0.2579422E+05  0.2615886E+05  0.7881142E+00  0.7901745E+00
         785 -0.7368361E+03 -0.2607055E+03  0.2599141E+05  0.2635880E+05  0.7880517E+00  0.7901365E+00
         786 -0.1732370E+04 -0.2919613E+03  0.2618996E+05  0.2656011E+05  0.7879829E+00  0.7900568E+00
         787  0.8997983E+03  0.3049150E+04  0.2638986E+05  0.2676277E+05  0.7879059E+00  0.7899875E+00
         788 -0.1715564E+03 -0.3206646E+03  0.2659135E+05  0.2696661E+05  0.7878370E+00  0.7899377E+00
         789 -0.7861009E+03 -0.9893838E+02  0.2679394E+05  0.2717218E+05  0.7877781E+00  0.7898509E+00
         790  0.1255530E+04  0.8491204E+03  0.2699825E+05  0.2737870E+05  0.7877064E+00  0.7897936E+00
         791  0.4084894E+03 -0.2143409E+04  0.2720372E+05  0.2758694E+05  0.7876461E+00  0.7897243E+00
         792  0.1271346E+04  0.4316838E+03  0.2741052E+05  0.2779666E+05  0.7875860E+00  0.7896501E+00
         793  0.1023284E+03  0.1364412E+04  0.2761863E+05  0.2800809E+05  0.7874940E+00  0.7896026E+00
         794 -0.1748254E+04 -0.2875287E+03  0.2782875E+05  0.2822026E+05  0.7874616E+00  0.7895400E+00
         795 -0.5943530E+01 -0.4334357E+02  0.2803944E+05  0.2843444E+05  0.7873690E+00  0.7894729E+00
         796 -0.4321655E+03  0.5266197E+03  0.2825215E+05  0.2864992E+05  0.7873271E+00  0.7894204E+00
         797  0.6560928E+02 -0.5017658E+03  0.2846612E+05  0.2886667E+05  0.7872469E+00  0.7893436E+00
         798  0.1107743E+04 -0.3652653E+04  0.2868178E+05  0.2908471E+05  0.7871815E+00  0.7892825E+00
         799 -0.1840209E+04  0.1516908E+04  0.2889846E+05  0.2930471E+05  0.7871209E+00  0.7892151E+00
         800 -0.1180343E+04  0.1811154E+04  0.2911694E+05  0.2952597E+05  0.7870640E+00  0.7891475E+00
