2 155.163332277 0.0819096523349 0.989867794784
3 792.404330826 0.150574365802 0.979952886687
4 690.142209242 0.225918654544 0.967626257863
5 1447.77562534 0.302648235134 0.954062416124
6 512.201705259 0.375796624566 0.940419217434
7 1023.96828282 0.445552244992 0.927409561569
8 623.968859891 0.511134283854 0.915522246839
9 701.853629341 0.574954063853 0.904973264305
10 759.530705669 0.637156042635 0.895719601294
11 846.00154625 0.699882300453 0.887523956994
12 820.0532161 0.761956269887 0.880534989139
13 645.996209466 0.825702934215 0.874290815477
14 969.260288277 0.888086199486 0.868871586901
15 1010.29417617 0.953445930295 0.863914032187
16 571.427742388 1.01764792127 0.85860212816
17 1039.75779407 1.08409251671 0.855597055
18 696.695088214 1.14964532344 0.852539085929
19 972.891864706 1.21923645372 0.849508961413
20 671.595372643 1.28902145656 0.846832415265
21 519.080836652 1.36157894391 0.844331945611
22 565.190361978 1.43550265311 0.842152922251
23 699.860073578 1.51175219277 0.840101827611
24 799.855245822 1.59017293549 0.83823096097
25 739.404634219 1.67098585547 0.836501165161
26 921.283956429 1.75439042028 0.834917613588
27 1041.18131211 1.84033982546 0.833422863461
28 1182.87243763 1.92887739798 0.832052437467
29 1116.56701262 2.01982237168 0.830749604167
30 1068.91439223 2.11319138829 0.829498443287
31 1212.41108696 2.20875595063 0.828316188199
32 1537.06325539 2.30658002124 0.827210538643
33 1020.28715321 2.40730950368 0.826169528515
34 1015.46037777 2.50961831207 0.825184893788
35 897.411209396 2.61374383536 0.824252639835
36 1025.18916797 2.72074498113 0.823369897843
37 1386.79890303 2.82954717418 0.822532960078
38 1349.72742003 2.94070092912 0.821739951753
39 1420.20652004 3.05444172926 0.820988691098
40 1909.95153362 3.1708367274 0.820276918037
41 1206.71040044 3.29002969644 0.819602416039
42 1455.28226108 3.41208726861 0.818962907744
43 1327.35444879 3.53709418547 0.818356162595
44 1292.22171503 3.66504302893 0.817779894374
45 1117.72327012 3.7959381039 0.817231834849
46 1035.50955778 3.92976028225 0.816709710943
47 1644.52920245 4.06648983164 0.816211242664
48 914.352159243 4.20644940015 0.815734479102
49 1555.25672629 4.34912786507 0.815276784592
50 1575.12281754 4.49368320793 0.814835374557
51 1176.85857962 4.63991448188 0.814408225405
52 1557.18619939 4.78943034628 0.813995892447
53 1134.37409608 4.94099528205 0.813597074864
54 1252.43259898 5.09613611051 0.813212508956
55 1467.53545873 5.25355350188 0.81284091671
56 1676.06281509 5.4137259363 0.812482250394
57 1598.89171513 5.57628904235 0.812135899105
58 1789.8887063 5.74186316882 0.811801965478
59 1366.93967639 5.91107033155 0.811480504325
60 1905.9811722 6.08295889913 0.811170526173
61 1590.67891292 6.25914395851 0.810872716654
62 2168.97142925 6.43820436557 0.810585794135
63 1791.44898277 6.62119821806 0.810310082401
64 1548.80328482 6.80717971882 0.810044643455
65 1589.71095673 6.99602648451 0.809789071951
66 1616.47979657 7.18785354383 0.80954309601
67 1633.33796094 7.38263868334 0.809306364752
68 1977.66309448 7.58165994443 0.809079281479
69 2382.41318332 7.78433421854 0.808861149619
70 1603.86276677 7.99059130735 0.808651614217
71 1718.37268819 8.20047329578 0.808450338562
72 1447.38585561 8.41323579861 0.808256643803
73 2796.82905028 8.62893163987 0.808070205917
74 2172.06909331 8.84811570223 0.807891008138
75 2078.3822443 9.07007348153 0.807718353013
76 1727.92299563 9.29493086452 0.807552070072
77 1778.13049609 9.52317292322 0.807392159923
78 1656.02397297 9.75409998951 0.80723810725
79 1799.34383511 9.98782366277 0.807089795723
80 2190.49107283 10.2257541702 0.806947742841
81 2086.78874081 10.466527702 0.806811092471
82 2896.89181629 10.710249749 0.806679743213
83 2040.76069165 10.958298253 0.806554156676
84 1890.18681944 11.209412749 0.806433569307
85 2268.76985117 11.4642179034 0.806318110015
86 2621.17487578 11.7221329745 0.80620731053
87 2440.8009019 11.9838501473 0.806101337262
88 1905.36221499 12.2494562671 0.806000038377
89 2604.05267475 12.518204167 0.80590291044
90 2099.46077056 12.7916274216 0.805810441913
91 2450.80911166 13.0682501151 0.805721825474
92 2505.20315705 13.3481235036 0.805636904483
93 2816.86084678 13.632664507 0.805556105941
94 2443.07621979 13.9205468037 0.805478699608
95 2211.89057072 14.212278867 0.805404752158
96 2358.47255113 14.5073785626 0.805333867463
97 2614.54551694 14.8071708486 0.805266421258
98 1966.01128818 15.1102414939 0.805201695095
99 2966.47087039 15.417311037 0.8051397921
100 2924.85085133 15.7290460495 0.805080791909
101 2543.84688099 16.0428389581 0.805023596281
102 2720.21318932 16.3612216077 0.804969027053
103 2599.6889474 16.6835963931 0.804916743702
104 3221.45864349 17.0098142271 0.804866629489
105 2242.42656007 17.3399686337 0.804818609234
106 2954.06259577 17.6740158351 0.804772582782
107 3336.09245381 18.0127795201 0.804728748302
108 3998.88746185 18.3554433358 0.804686715012
109 2762.95723168 18.7019667455 0.804646397042
110 3384.95144512 19.0523623418 0.804607704182
111 3051.79400761 19.4074280577 0.804570813461
112 2887.98247583 19.767153624 0.804535619174
113 2480.04180942 20.1306544891 0.804501740225
114 2409.74037916 20.4987834798 0.804469358701
115 3268.65402341 20.8714470825 0.80443836749
116 3811.42215227 21.2478428573 0.804408404698
117 4525.17479702 21.6295518855 0.804379886953
118 3814.01262999 22.0149150826 0.804352200504
119 3508.11142711 22.4046351273 0.804325475473
120 2729.02605314 22.7996203934 0.804299896623
121 4321.16603055 23.1989603728 0.804275083173
122 3412.71953547 23.6024758299 0.804250931755
123 3790.37402904 24.010294687 0.80422735871
124 2924.69562691 24.4230316585 0.804204476418
125 3185.26800856 24.8399330496 0.804181955834
126 3580.99336515 25.2613477149 0.804159846638
127 3666.72712629 25.6867403012 0.804137944823
128 3606.95222533 26.1168282599 0.804116417738
129 3165.23213759 26.551700929 0.804095260737
130 4150.16338334 26.9912033462 0.804074394581
131 3447.05142172 27.4353871648 0.804053789
132 3083.18731748 27.8841127448 0.804033377391
133 3817.73186673 28.3374147432 0.804013155849
134 3468.9633606 28.7951129429 0.80399303259
135 4201.27136283 29.2582717014 0.803973244064
136 4890.76310674 29.72659531 0.803953673073
137 3775.52059442 30.1984097222 0.803933879846
138 4164.53256332 30.6761600614 0.80391445373
139 4347.66305705 31.1582656928 0.803894953937
140 3914.2165643 31.645202059 0.803875478746
141 4192.70904974 32.1372802119 0.80385605545
142 4363.06167723 32.6350828648 0.803836812993
143 4419.29900583 33.1368522867 0.803817277927
144 3604.48804105 33.6432266628 0.80379759585
145 5339.97848916 34.1553892662 0.803777996316
146 4163.43612502 34.6719758352 0.803758124607
147 4199.79255701 35.193201681 0.8037380037
148 3903.43141917 35.7206195365 0.803717967866
149 3633.29629447 36.2515127763 0.803697370823
150 4808.1904759 36.788430447 0.803676751216
151 3958.13545289 37.3304622246 0.803655879206
152 4484.40590231 37.8763872305 0.803634443893
153 5174.772637 38.4273478531 0.803612691059
154 4169.30400745 38.9842688978 0.803590802555
155 4952.24869102 39.5460412106 0.80356852313
156 4203.05497359 40.1126930826 0.803545802247
157 4471.14598783 40.6850843491 0.803522826892
158 5765.23564644 41.262331565 0.803499378825
159 4885.18032754 41.8451754646 0.803475588102
160 4938.27460604 42.4327567407 0.803451272757
161 4377.11178971 43.0269350615 0.803426782052
162 4052.76239852 43.6256926142 0.803401675535
163 4709.38824004 44.2299282438 0.803376108515
164 5139.15011167 44.8407163829 0.803350281069
165 4648.77924231 45.4558446 0.803323726761
166 4948.34019817 46.0773598842 0.803296852731
167 5066.42075439 46.7053633448 0.803269627308
168 5243.15551955 47.3385429433 0.803241795783
169 4946.07907589 47.9769341715 0.803213309645
170 4467.50446466 48.6214982943 0.803184335985
171 5054.92391205 49.2723045732 0.803154888064
172 4901.35165858 49.929186878 0.803124900487
173 5129.07495341 50.5921451988 0.803094364591
174 5053.84165375 51.2610835504 0.803063218369
175 4927.30097647 51.9359950887 0.803031449478
176 5310.44902709 52.6179664674 0.802999244823
177 4889.21490638 53.3057783967 0.802966353116
178 4804.42297803 53.9993981404 0.80293271136
179 6070.44790493 54.6999142316 0.802898537157
180 5318.75906172 55.4061394023 0.802863557385
181 4258.41399637 56.1191257015 0.802827979123
182 4406.99893085 56.8389783032 0.802791768018
183 4665.11058453 57.5654716237 0.802754847705
184 5555.37968274 58.2975210095 0.802717017502
185 5570.04021693 59.036073568 0.80267841727
186 5615.77740885 59.7813701448 0.802639065084
187 5001.33537165 60.534359133 0.802599130793
188 6005.63029562 61.2926368189 0.802558148034
189 6189.0989732 62.0572783218 0.802516283633
190 6164.72419866 62.8296690713 0.802473763184
191 5392.35663967 63.6083125655 0.802430311743
192 5697.65422444 64.3932920993 0.80238590832
193 6105.74923024 65.1857144302 0.802340744177
194 5102.02915401 65.9843825196 0.802294580062
195 4545.54593863 66.7904035679 0.802247573121
196 5287.70506221 67.6025442909 0.802199493629
197 5737.7991172 68.421955018 0.802150541133
198 6151.88118355 69.2487266952 0.802100688688
199 5147.46745506 70.0813541888 0.802049637422
200 5496.04612167 70.9212291997 0.801997647398
201 5281.03213572 71.7694976574 0.801944852132
202 5979.94313062 72.6236010665 0.801890821189
203 6082.68271258 73.4848097861 0.801835754197
204 6271.79873315 74.3532183879 0.801779605459
205 5776.64553483 75.2288384598 0.801722389869
206 5170.54686066 76.1131414164 0.801664312236
207 5194.6135502 77.0032169745 0.801604829613
208 5098.05498757 77.9006116764 0.801544227042
209 4825.14806089 78.8066869024 0.801482655414
210 6167.04262024 79.7187273787 0.80141970701
211 5698.59408209 80.6394773889 0.801355795152
212 5665.06747685 81.5677384937 0.801290652278
213 5905.99194027 82.5033474393 0.801224286369
214 5310.00674474 83.4464146348 0.801156648792
215 6641.13997323 84.3970004473 0.801087736944
216 5680.79638136 85.3566168175 0.801017800274
217 5504.00874973 86.3238916716 0.800946543307
218 6046.35243228 87.298679476 0.800873956727
219 5328.90743104 88.2812168928 0.800800057346
220 6371.58364415 89.2730184385 0.800725054732
221 5928.88538258 90.2726100528 0.800648704816
222 6154.85865517 91.2800168825 0.800570926914
223 5915.88305798 92.2969657483 0.800492015534
224 5747.55712774 93.3218797551 0.80041174415
225 5361.26822461 94.3548400678 0.800330023555
226 5898.5263663 95.3976069732 0.800247212456
227 6048.28918292 96.4485970159 0.800162940418
228 4800.37963517 97.5078396089 0.800077212825
229 5121.46675608 98.5772932656 0.799990316513
230 5443.40773586 99.6551239717 0.799901962047
231 5704.32685485 100.741780551 0.799812144787
232 6537.87645385 101.838732935 0.799721120729
233 6200.24358472 102.943033925 0.799628324444
234 5089.43673619 104.057876588 0.799534346796
235 6105.67571416 105.182218309 0.799438885424
236 6194.40321939 106.315548255 0.799341914689
237 5097.98685721 107.458707042 0.799243492353
238 5786.39729028 108.611114227 0.799143506391
239 5423.45168436 109.771814212 0.799041832914
240 6364.64939336 110.943896521 0.798938919618
241 5834.69856096 112.124657876 0.798834268994
242 5376.76952056 113.317175047 0.798728403364
243 5635.22250677 114.518641449 0.798620791546
244 5116.23303488 115.730363623 0.798511688277
245 6446.25741979 116.951158219 0.798400864668
246 5499.93634011 118.18286082 0.798288552034
247 5980.49630023 119.425810116 0.798174831985
248 5894.14945782 120.678178862 0.798059326971
249 4602.65422861 121.942088413 0.797942399662
250 5464.83240018 123.215923771 0.79782375512
251 5169.26066564 124.50213291 0.797703676438
252 6055.62228134 125.798706184 0.797581841761
253 4873.33405552 127.105614944 0.797458215132
254 4790.76925938 128.425625006 0.797333156291
255 5343.29487403 129.756573899 0.797206248441
256 6321.08633427 131.096466562 0.79707708596
257 5523.25572555 132.450304728 0.796946402103
258 5396.17341011 133.815869547 0.796813850956
259 4705.96862265 135.191363437 0.796678930377
260 5476.70305129 136.58149716 0.796542444728
261 5109.28078322 137.98227343 0.796403669223
262 5672.8504902 139.393326286 0.796262365604
263 5601.06357169 140.818162673 0.796119177254
264 4698.46021512 142.256491938 0.795974009328
265 4231.49218797 143.704091747 0.795825926948
266 5745.92444041 145.165864309 0.795675830709
267 5032.52287752 146.640033355 0.795523194056
268 5563.99689436 148.126570832 0.795368114848
269 4777.77868568 149.628892417 0.79521109312
270 4536.84381706 151.141506044 0.795051074794
271 5340.25052323 152.665197628 0.79488808488
272 6199.72682051 154.205283036 0.794723013554
273 4984.15502592 155.757325379 0.794555015637
274 5285.91669893 157.323572577 0.79438454613
275 4290.74995337 158.902389968 0.794210993874
276 4189.0499812 160.496431227 0.794034939584
277 5256.28152383 162.103506297 0.793855933325
278 4921.24505321 163.72392626 0.79367394156
279 5167.1818431 165.361062381 0.793489558804
280 4376.53057074 167.009329939 0.793301493393
281 4394.84962029 168.672073559 0.793110483012
282 4949.94272248 170.349579204 0.792916460546
283 5300.997219 172.043038832 0.79271956011
284 4563.29085125 173.751557864 0.792519569889
285 4169.67153504 175.470844963 0.792315433597
286 4607.94606568 177.209020118 0.792108811707
287 4502.39760795 178.959181069 0.791898238242
288 4218.40702916 180.72554437 0.791684562939
289 4985.38916019 182.5047296 0.791467041051
290 4687.38453824 184.301022086 0.791246414777
291 3393.51393366 186.110975691 0.791021851108
292 4405.98922444 187.939139118 0.790794372741
293 4659.45464419 189.777801783 0.790562263264
294 4233.26543772 191.636211364 0.790327300997
295 4343.78525086 193.509271315 0.790088331514
296 4414.40670117 195.396092859 0.789845189988
297 4203.07496205 197.297594578 0.789598039761
298 4163.08939241 199.214390869 0.789346842398
299 4041.43103645 201.150411526 0.789092292122
300 4687.48844451 203.098744813 0.788833047855
301 3591.13671126 205.063562687 0.788569744026
302 4441.26843597 207.046118365 0.788302771419
303 3541.50946479 209.046177062 0.788032252019
304 4021.01669068 211.061052658 0.787757360268
305 4093.20259154 213.090274902 0.787478189005
306 3633.90004097 215.135676371 0.787194936413
307 3560.9239619 217.201219727 0.786908827872
308 3994.96169445 219.284645836 0.786619262523
309 3918.25828856 221.38466509 0.786325918921
310 3935.57283381 223.499226785 0.786028538351
311 3731.52235611 225.636780417 0.785728992909
312 3557.85610436 227.790194947 0.785425457739
313 3500.85200446 229.963607567 0.785119420065
314 3012.57552596 232.153682065 0.784809759939
315 3574.54378781 234.360546797 0.784496444051
316 3806.62910402 236.590332072 0.784181142358
317 3273.03046479 238.838782264 0.783862948244
318 3170.36256737 241.106065416 0.783541801141
319 3652.11374656 243.393699768 0.78321822905
320 3773.46415128 245.701770201 0.782891890151
321 2727.03956728 248.025729228 0.7825620346
322 3593.20487034 250.371831931 0.782230262973
323 3321.01815327 252.740995516 0.781896579413
324 3329.44069833 255.127998142 0.781559964601
325 3356.60648006 257.539870129 0.78122205118
326 3715.17844186 259.970945052 0.780881835374
327 3248.82193803 262.415808292 0.780537384399
328 3175.05654536 264.887624814 0.780192603052
329 3220.18541424 267.380750075 0.779845301908
330 3149.06348499 269.896573389 0.779496603606
331 3418.18698556 272.433921567 0.77914545614
332 2752.85537849 274.989834187 0.778791902289
333 2546.09311807 277.574756273 0.778438455184
334 2792.43541448 280.173002599 0.778080348464
335 2997.35804797 282.801990403 0.777723061403
336 3149.22293553 285.4525931 0.777363315433
337 2890.26005151 288.121302568 0.777000942517
338 3061.37350093 290.811917496 0.776636531489
339 2604.25945744 293.530588348 0.776272000072
340 3261.80517736 296.27189829 0.775905924407
341 2745.37149522 299.035488554 0.775538218959
342 2810.55959736 301.82245698 0.775168955599
343 2682.06449395 304.633928734 0.774798285621
344 2579.97261778 307.469753423 0.77442616414
345 2489.89095376 310.32307652 0.774051162588
346 2530.87187982 313.201757147 0.773674835256
347 2312.04433682 316.107934942 0.773298566827
348 2292.55610935 319.041410866 0.772921631686
349 2440.58790945 321.994291759 0.772542037404
350 2458.04959288 324.966691786 0.772159712361
351 2697.64177039 327.969688898 0.771777300467
352 2442.0029274 330.992957332 0.771392513677
353 2747.34510285 334.039054076 0.771006585721
354 2598.98499757 337.115536046 0.770621281263
355 2346.51162921 340.206604851 0.770232050507
356 2283.61050646 343.329089234 0.769844335426
357 2254.99313722 346.477280705 0.769457045165
358 2347.31569279 349.64836023 0.769069543594
359 2066.9331274 352.845821045 0.768682192804
360 2289.09289365 356.067488057 0.768294342024
361 2495.16695972 359.317310941 0.767908903419
362 2269.77231933 362.591530906 0.767524396008
363 2326.79139938 365.884477869 0.76713843861
364 2481.51617697 369.213471272 0.766757857072
365 1862.57525489 372.562175483 0.766376095009
366 1847.35830996 375.949457431 0.766001825484
367 2124.39364134 379.355854333 0.765626265948
368 1981.16391275 382.779378993 0.765250167886
369 2255.87330253 386.246583802 0.764881333329
370 1999.29981994 389.732377142 0.764513164535
371 2250.10900798 393.237544469 0.764143818452
372 2104.73032827 396.788008027 0.76378551312
373 2299.18417047 400.358798886 0.763427808558
374 1932.39838552 403.95051547 0.763071206593
375 2113.26813717 407.57512384 0.762720757917
376 2135.88857059 411.223168346 0.762371842643
377 1848.38780131 414.903468551 0.762029739865
378 2147.38161429 418.608479375 0.761691051799
379 2347.27301778 422.346021655 0.761358002872
380 1821.45696442 426.108703448 0.761027651745
381 1863.46399366 429.905163125 0.76070396466
382 1733.07788696 433.726304962 0.760383887328
383 1960.30893443 437.583466534 0.760071608989
384 2026.92433211 441.463582263 0.759761792759
385 1653.8799375 445.366217133 0.759456056653
386 1670.09099721 449.32269474 0.759165197205
387 2139.18193413 453.301705987 0.758878342773
388 1756.90956426 457.305537186 0.75859526921
389 1653.99460439 461.344561233 0.758321763022
390 1947.41087838 465.412635058 0.758054103062
391 1744.48500071 469.52972967 0.757800213142
392 1757.91146759 473.661336134 0.75754735287
393 1767.3104124 477.842480754 0.757308168964
394 2019.14326479 482.054732623 0.757076761816
395 1875.69293007 486.302324342 0.756856994352
396 1609.42778523 490.578959049 0.756644816456
397 1522.54145383 494.893527066 0.756443917282
398 1728.85913465 499.254001666 0.756256106591
399 1761.43708417 503.65420306 0.756079367924
400 1730.04825627 508.082716726 0.755909379563
401 1883.51790235 512.549910952 0.755752657466
402 1735.04190277 517.064603609 0.75561136246
403 1643.05607605 521.616461296 0.755478758702
404 1756.68885083 526.197871627 0.75535329571
405 1732.96953273 530.83155525 0.755244214489
406 1887.92716091 535.495488653 0.755141631519
407 1914.20201614 540.209155359 0.755051094366
408 1629.78745149 544.952269968 0.754966030022
409 1750.86542667 549.743942511 0.754894610185
410 1602.90446416 554.562220455 0.754827485482
411 1829.39645962 559.428730811 0.754772243699
412 1667.62896222 564.337936033 0.754727220852
413 1605.03572841 569.295912902 0.754692872903
414 1659.76298516 574.29430422 0.754664727887
415 1778.48907157 579.319716506 0.75464034476
416 1735.37658325 584.385164316 0.754623528506
417 1511.79454736 589.515430685 0.754622516669
418 1691.99279306 594.663840946 0.754622258006
419 1736.44774745 599.877509357 0.754633122085
420 1754.37637217 605.124387 0.75464666301
421 1576.94583559 610.398755987 0.754664805483
422 1872.20054242 615.742319623 0.7546974996
423 1888.85210181 621.1142856 0.754730086157
424 1856.06606771 626.533272005 0.754771598715
425 1663.28567605 631.99765965 0.754819701369
426 1633.90484604 637.48856197 0.75486435117
427 1588.46005824 643.041964489 0.754920688384
428 1612.78540651 648.641868027 0.754983189737
429 2162.97178836 654.280546988 0.755048871907
430 1549.4421112 659.962561197 0.755115509087
431 1567.71550463 665.704852074 0.755191294745
432 1924.83470392 671.486822673 0.755268755467
433 1819.02767209 677.307170416 0.755347734788
434 2099.91535039 683.185357785 0.755437182906
435 1711.9264334 689.100228071 0.755523012754
436 1530.98005679 695.071312746 0.755610752176
437 2094.68238091 701.0973162 0.755706900048
438 1866.44645231 707.156728536 0.755800772509
439 1578.54820583 713.266826181 0.7558993947
440 1780.13908958 719.431191016 0.756000397503
441 1881.7209449 725.641774457 0.756104227717
442 2178.01926631 731.905625146 0.756209465755
443 1699.5951051 738.233978181 0.756319214465
444 1667.49655267 744.591598168 0.756425718805
445 1828.0622768 751.011735062 0.756538236839
446 1748.35857962 757.479721271 0.75665007865
447 1817.84886025 763.986307124 0.756756995683
448 1816.65891361 770.559471957 0.756867123219
449 1803.38072026 777.191006868 0.756981926156
450 1912.91781438 783.865132199 0.757092998341
451 2087.14141796 790.58896144 0.75720300213
452 2198.35764229 797.355194346 0.757309005826
453 2125.23949574 804.194176215 0.757421367914
454 1865.47944048 811.073855258 0.757529298136
455 2224.98087951 818.000826845 0.757631514381
456 2176.28318634 824.989426811 0.757738814739
457 1757.10869296 832.046208347 0.75784597817
458 1832.82325848 839.138900584 0.757948157377
459 2220.12137952 846.298196057 0.758051049574
460 2020.78222342 853.513157678 0.758151392829
461 2046.73494833 860.795549434 0.758255254108
462 2485.24855072 868.128233534 0.758355958731
463 2155.63596873 875.505911745 0.758451066905
464 2191.43842597 882.952202607 0.758550003054
465 2763.8221825 890.467161337 0.758647512785
466 2189.72791662 898.04726066 0.758745337527
467 2361.3131439 905.670099699 0.758839166065
468 2004.44388719 913.357060376 0.758931131585
469 2170.37853134 921.105547005 0.759020182159
470 1996.27794331 928.91874064 0.759111637845
471 2554.11192515 936.811754395 0.759204746692
472 2157.46748195 944.74486665 0.759290779782
473 2438.93756749 952.756436157 0.75937888907
474 2221.41895154 960.827489001 0.75946514065
475 1983.0884652 968.954667595 0.759545886467
476 2345.22766408 977.158858789 0.759632512926
477 2129.62623491 985.42036767 0.759716126063
478 2211.46621614 993.754095338 0.759796107971
479 2422.68078328 1002.14325692 0.759869243648
480 2323.36113849 1010.60189332 0.759943676835
481 2308.06408354 1019.13821482 0.760022184754
482 2035.21209285 1027.74147189 0.760096969716
483 2472.96236185 1036.39582896 0.760165673378
484 2231.77725479 1045.14086461 0.76023830121
485 2142.37646972 1053.93183691 0.760302592993
486 2407.30967039 1062.79200878 0.760361023074
487 2044.50766303 1071.73836516 0.760422834361
488 2447.68525755 1080.7341535 0.760476258799
489 2241.87365005 1089.80728432 0.760533152217
490 2592.69331069 1098.93144459 0.760577742838
491 2455.98182012 1108.1539515 0.760627485127
492 2496.15287322 1117.42460216 0.760670075259
493 2418.06621278 1126.76800495 0.760708575777
494 2644.18487758 1136.17955422 0.760741657757
495 2375.94663006 1145.66460315 0.760775241018
496 2159.05468957 1155.21305858 0.760808898457
497 2170.47988015 1164.83452892 0.760832870208
498 2207.84807867 1174.51470891 0.760854104991
499 2571.80326477 1184.26635542 0.760868575588
500 2794.20935815 1194.09925112 0.760881969963
501 3080.72151519 1204.00055083 0.76089284241
502 2381.37733451 1213.95592638 0.760898024228
503 2541.89793172 1224.00492609 0.760897018585
504 2650.62745923 1234.10429567 0.760888323648
505 2264.40725518 1244.27415569 0.760870245745
506 2364.63184735 1254.54213488 0.760860435564
507 2263.74769041 1264.85617809 0.760839876379
508 2284.65389497 1275.2408983 0.760816353617
509 2493.92752574 1285.69435305 0.760788375858
510 2839.21183458 1296.22224497 0.760756185481
511 2493.88959922 1306.83934084 0.760719360565
512 2877.46513779 1317.50781335 0.760677617147
513 2606.95213654 1328.26236456 0.760634016021
514 2446.02955633 1339.06817622 0.76058324948
515 2232.56609154 1349.96091644 0.760529960934
516 2362.89351399 1360.92891046 0.760469537903
517 2864.87423782 1371.95805033 0.76040519318
518 2630.42843996 1383.05926034 0.760334376829
519 2606.02882794 1394.25027934 0.760265449969
520 2546.89485677 1405.51227785 0.760198054928
521 2153.47264159 1416.83589243 0.760116590103
522 2379.4058377 1428.22969493 0.76002969737
523 2886.19704241 1439.71227952 0.759941711744
524 2222.18176794 1451.26420997 0.759850266842
525 2597.45254459 1462.90600767 0.759757521073
526 2439.3493031 1474.61515426 0.759659248303
527 2383.70354492 1486.38866702 0.759555934712
528 2899.97657554 1498.25732997 0.759447872858
529 2706.55409903 1510.19082671 0.75934007655
530 2492.12874902 1522.19167402 0.75922420793
531 2641.20144561 1534.28452309 0.759107831968
532 2311.75451312 1546.44628341 0.758987862507
533 2551.02272353 1558.70137664 0.758863083682
534 2427.50968584 1571.02332613 0.758730966608
535 2817.24075865 1583.41394907 0.758602713137
536 2635.1692815 1595.89755415 0.758465245697
537 2196.80798117 1608.45557147 0.758323698428
538 2801.95584246 1621.10523486 0.758178567461
539 2533.36056889 1633.79878722 0.758024063898
540 2626.34237135 1646.58795161 0.757871110426
541 2099.78657991 1659.47900796 0.757717476768
542 2035.44886746 1672.44223412 0.757555146419
543 2532.45227962 1685.47177824 0.757383202907
544 2870.32830951 1698.58138685 0.7572182006
545 2569.47183111 1711.78369985 0.757045734236
546 2832.08261075 1725.04064089 0.756873459664
547 2732.34183912 1738.41961943 0.756698637491
548 2928.87228915 1751.85480559 0.756512817922
549 2423.44878349 1765.38441611 0.756328070968
550 1829.74459945 1778.99947692 0.756139661938
551 2591.02195948 1792.68451378 0.755940878986
552 2830.31278129 1806.45277109 0.755741259085
553 2408.89353018 1820.32848574 0.755544000559
554 2667.81600774 1834.28875356 0.755344324462
555 2716.74527947 1848.32877876 0.75513687157
556 2617.18871821 1862.45551412 0.754926501231
557 2311.31250592 1876.66759627 0.754711243917
558 2900.55105804 1890.96900411 0.754488574869
559 2618.18119756 1905.35905688 0.754268917748
560 2235.28404539 1919.84266344 0.754043231524
561 2909.25611945 1934.4170383 0.753806746667
562 2913.01577977 1949.09165919 0.75358072961
563 2605.92983814 1963.85709388 0.753341196413
564 2447.40251638 1978.69601091 0.753102219964
565 2589.58572266 1993.66269279 0.752868446639
566 2437.93976305 2008.70903609 0.752623102586
567 2292.11406158 2023.85254117 0.752375986267
568 2497.21809536 2039.07621694 0.752125436644
569 1966.91164629 2054.40454806 0.751875758932
570 2447.61127663 2069.84980845 0.751622000376
571 2785.66232255 2085.40899382 0.751367075865
572 2302.0990184 2101.04880428 0.751106620298
573 2489.56386337 2116.7754349 0.750837512745
574 2285.43416908 2132.61948413 0.750571180088
575 2218.62194036 2148.55957426 0.750310141646
576 2487.23163607 2164.61743996 0.750035691601
577 2677.03629679 2180.77840757 0.749765635179
578 2640.02085546 2197.062324 0.749488736431
579 2177.57803481 2213.41242557 0.749204953674
580 2604.02369575 2229.89605485 0.748920858847
581 3071.05253485 2246.52530174 0.7486434693
582 2393.56422611 2263.2182864 0.748348712252
583 2498.12805181 2280.02194409 0.748059725513
584 2242.59052446 2296.97463938 0.74777860258
585 2429.05912529 2314.00394048 0.747481259402
586 2816.51023606 2331.14799919 0.747187738553
587 2267.71954102 2348.45550899 0.746896333485
588 2136.80697482 2365.84212613 0.746594928164
589 2370.24373958 2383.31802308 0.746290793953
590 1961.22424308 2400.95789817 0.745992554218
591 2205.6734593 2418.69447656 0.745684750609
592 2328.59316741 2436.56009937 0.745386965026
593 2024.68589296 2454.5680425 0.745086022274
594 2566.44585282 2472.67273482 0.744777911002
595 1678.88990999 2490.87920349 0.744464556781
596 2200.97176084 2509.23327224 0.744154587058
597 2538.75221448 2527.73932869 0.743849274238
598 2680.45630558 2546.3561196 0.743542426596
599 2547.64064649 2565.08882797 0.743232498917
600 2248.98187031 2583.93615939 0.742911011139
601 2711.69224532 2602.90892039 0.742590174461
602 2106.95239891 2622.04398666 0.742279599216
603 2067.69888605 2641.31098262 0.74195639612
604 1773.22266973 2660.70064276 0.741645327761
605 1988.00054176 2680.23186432 0.741323285775
606 2733.84231426 2699.88916101 0.740994521852
607 1807.19407315 2719.653365 0.740670009494
608 2150.09405446 2739.59049056 0.740347154357
609 1664.30843267 2759.64223227 0.740018541095
610 2291.66541768 2779.87780462 0.739687875215
611 2328.44249887 2800.22424115 0.739362098883
612 2190.11798144 2820.67793312 0.739024978906
613 1964.54144041 2841.33730967 0.738705552977
614 2255.74578352 2862.11513979 0.738382665716
615 2428.0357476 2883.00701291 0.738061809084
616 2393.72892229 2904.06980783 0.737728508519
617 2109.612763 2925.30675802 0.737405153394
618 2172.56258229 2946.66954129 0.737064758746
619 1678.65657232 2968.16620162 0.736736449488
620 2152.55150085 2989.8446981 0.736421019731
621 1846.87864165 3011.66719312 0.736092997733
622 1940.65531289 3033.62611593 0.735768813026
623 1572.83019968 3055.73425179 0.735441021112
624 1640.84002609 3078.04204789 0.735117902966
625 1812.91352086 3100.50203643 0.734792614726
626 1667.16331634 3123.06813946 0.734462010597
627 2662.74290591 3145.84765416 0.734139897084
628 2029.50718548 3168.78702491 0.733806424655
629 1564.70276798 3191.85143417 0.733487051327
630 1975.87755417 3215.12433629 0.733173334138
631 2104.5815034 3238.53642997 0.732844269417
632 1963.0592899 3262.16852666 0.732534449223
633 1734.40070734 3285.93629875 0.7322146398
634 2240.15169888 3309.83719184 0.731897142982
635 2168.73740422 3333.97776891 0.731585181254
636 1719.29174516 3358.2634583 0.731266396619
637 1882.71070025 3382.74329502 0.730952152342
638 2027.04248446 3407.42206798 0.730644284252
639 2098.60063635 3432.25984139 0.730333851868
640 1878.48591326 3457.2953195 0.730037516617
641 1843.34101506 3482.50460356 0.729741608196
642 1956.00134474 3507.91633835 0.729441488343
643 1990.74356152 3533.51080082 0.729143674182
644 2014.64101067 3559.31191952 0.728854941433
645 1425.53345618 3585.31006171 0.728558873957
646 2011.30492212 3611.51546527 0.728279846558
647 2202.04197359 3637.87500643 0.727996167504
648 2103.94699326 3664.50551711 0.727723010486
649 1519.19210273 3691.29553889 0.727447405639
650 1947.90184792 3718.31607859 0.727173198525
651 1775.63622373 3745.54862007 0.726926082702
652 1646.37010069 3772.97731461 0.726658483579
653 1616.53265861 3800.60819466 0.726401687716
654 1788.91531336 3828.4542472 0.726152438943
655 2194.81258994 3856.55621428 0.725897304843
656 1575.77595697 3884.8226728 0.725648509739
657 1744.12347992 3913.34887697 0.725422269769
658 1460.71280941 3942.10151494 0.725178448205
659 1666.17440887 3971.06672259 0.724959787043
660 1753.11143593 4000.25095085 0.724745426525
661 1664.59345251 4029.66402339 0.72451864833
662 1422.42645238 4059.3592724 0.724311730637
663 1543.19496294 4089.22270307 0.724090225374
664 2252.04533442 4119.3208331 0.723881984466
665 2141.45934879 4149.70228375 0.723687843923
666 1969.0319532 4180.27574074 0.7234786452
667 1823.22055603 4211.1251863 0.723287770858
668 1570.79774167 4242.17022361 0.723104758
669 1343.60028357 4273.5080051 0.722932241265
670 2036.81878992 4305.09091286 0.72275278567
671 2127.67918011 4336.86551684 0.722564257196
672 1529.82291093 4368.93552277 0.72239410203
673 1452.60967617 4401.20786599 0.722215996376
674 1377.26801162 4433.78468016 0.72205455317
675 2049.98353447 4466.61789209 0.721882920191
676 1558.81325611 4499.6477589 0.721719405939
677 1260.71113387 4532.99208026 0.72157315672
678 1802.27309638 4566.5354676 0.721422776414
679 1712.73595436 4600.3425189 0.721272076894
680 1656.02341177 4634.46147766 0.721134822546
681 1782.75226622 4668.79943399 0.720989749338
682 1668.99708689 4703.43658959 0.720854069838
683 1820.0800409 4738.3032464 0.720715906858
684 2194.25311948 4773.47137741 0.720588883563
685 1954.50026099 4808.86448278 0.720465981363
686 1388.37656231 4844.57465181 0.720349181798
687 1715.32703359 4880.56126725 0.720228180962
688 1470.12524286 4916.74919319 0.720114189847
689 2012.31288636 4953.27106779 0.719997395161
690 1836.74151732 4990.05858827 0.719891292562
691 2039.91047071 5027.1269193 0.71980154539
692 1132.29219053 5064.51283849 0.719691183118
693 1905.18909861 5102.13188807 0.719589223403
694 2485.1551246 5140.06044174 0.719492727972
695 1348.59378991 5178.22749354 0.719386282777
696 1228.9520989 5216.70447263 0.719315207579
697 1800.20444338 5255.48588719 0.719224421884
698 1495.28872131 5294.5788628 0.719130616064
699 1836.36231238 5333.90736135 0.719043864397
700 1899.18109619 5373.54915204 0.718966903841
701 1727.55679267 5413.4933391 0.718876316182
702 1823.58333486 5453.75302473 0.718809151033
703 2247.91000069 5494.23797616 0.718736567168
704 1367.43386008 5535.0459581 0.718670624096
705 2099.69363418 5576.2063091 0.718611169084
706 2417.77772344 5617.6263115 0.718543297754
707 2113.94465177 5659.32352407 0.718490377898
708 2176.85550466 5701.34428836 0.718426076858
709 1797.1581828 5743.64722257 0.718363789945
710 1802.48558463 5786.26712712 0.718313016826
711 2159.14170222 5829.16029827 0.718256235601
712 2386.34788988 5872.37592159 0.718204779946
713 1709.54723542 5915.9211365 0.718148108709
714 1244.99018536 5959.72194198 0.718096121049
715 2029.19524325 6003.85136904 0.718047553455
716 1499.30387114 6048.29284281 0.718017151298
717 1727.10815484 6093.00055263 0.717975115491
718 1324.20449676 6138.08022798 0.717940501876
719 1977.95252017 6183.4173885 0.717895962393
720 1490.89760446 6229.06613437 0.717851061758
721 1718.97382997 6275.09558011 0.717812358673
722 1788.2995453 6321.37591621 0.71776568923
723 2326.39627702 6367.96268241 0.717718740815
724 2250.71703331 6414.85813856 0.717689388847
725 1867.17990518 6462.07350842 0.717652207623
726 2146.96461967 6509.64847517 0.71762355937
727 1804.9082563 6557.4748704 0.717597256477
728 2658.42309382 6605.65938452 0.717559320268
729 1945.38788921 6654.1548326 0.717520389699
730 1583.65986511 6702.94607109 0.717483065264
731 2647.7327892 6752.10867377 0.717466095676
732 2033.32732601 6801.56605273 0.717420683555
733 2894.11844892 6851.32506997 0.717387194132
734 1664.5415359 6901.43887543 0.717369636256
735 1197.0590507 6951.86023821 0.717333834168
736 2231.21113096 7002.62925731 0.717307074142
737 1800.71882329 7053.6975537 0.717256384271
738 2171.9908433 7105.12053599 0.717221336868
739 2943.40096726 7156.90196313 0.717188567366
740 1862.35030663 7208.97089058 0.71716285521
741 1880.5054375 7261.39489248 0.71711963255
742 1965.40745577 7314.17749668 0.717091582142
743 1760.87096091 7367.23791315 0.717058049565
744 2406.57722798 7420.65711084 0.717019457577
745 1734.28744695 7474.48916818 0.716984342296
746 2132.87068877 7528.61228221 0.716961713704
747 3088.33698834 7583.0718047 0.716918044935
748 1898.08090055 7637.89256763 0.716879125623
749 2825.10842584 7693.04762356 0.716851433069
750 2033.71649381 7748.56467479 0.716805141312
751 2277.23781715 7804.47503307 0.71676568903
752 2845.90674889 7860.67821769 0.71671641439
753 3184.93855461 7917.27875474 0.716662888126
754 2337.97954502 7974.23305885 0.716635964282
755 2028.11476031 8031.52571828 0.716591746186
756 1162.59973531 8089.23395036 0.71654337369
757 2981.75585347 8147.28273121 0.716498040674
758 2507.17416356 8205.67709654 0.716436696654
759 2575.56777303 8264.4767577 0.716371803663
760 2322.60393347 8323.62957194 0.716340461061
761 2687.77342417 8383.18017078 0.716293011852
762 1959.10702455 8443.07648026 0.716236136777
763 2272.55874188 8503.38287249 0.716189766364
764 2192.65777819 8564.08692557 0.716148555238
765 1703.23949971 8625.14767682 0.716092234584
766 2714.75746839 8686.66254381 0.716043872155
767 3074.14394475 8748.46482583 0.71596703307
768 2505.27674235 8810.72835353 0.715907428311
769 2743.52387014 8873.40507602 0.715855143336
770 2102.23582628 8936.41987581 0.715789730181
771 2255.19495441 8999.89512322 0.715737678577
772 2022.47546424 9063.71751391 0.715653177945
773 2662.23919875 9128.00612548 0.715600556335
774 2290.79673679 9192.69615889 0.715547900767
775 2237.96221098 9257.7225924 0.715469987035
776 2812.93872379 9323.20356103 0.71540189885
777 2018.3611287 9389.10947662 0.715349746011
778 2062.92267604 9455.45843381 0.715280060857
779 2375.9540641 9522.15630717 0.715205471035
780 2876.19032905 9589.29573688 0.715138262494
781 2334.88403569 9656.85358185 0.715067437046
782 1275.38870641 9724.86120792 0.714992603261
783 2080.3965065 9793.2692174 0.714909616808
784 1685.8880262 9862.06886786 0.714819814971
785 2897.04413119 9931.33263362 0.714740401192
786 3395.41937887 10000.9878938 0.714657123206
787 2636.08821295 10071.0270585 0.714568192366
788 2712.88094688 10141.527679 0.714515052124
789 1877.45321266 10212.4792808 0.714431170312
790 2377.91747952 10283.8203941 0.714329257748
791 2441.82555621 10355.6006197 0.714236954702
792 1979.26912915 10427.7684357 0.714135193876
793 1528.35504072 10500.3781822 0.714033020546
794 1860.8582844 10573.4368267 0.71393872071
795 2464.91216414 10646.8624078 0.713838262955
796 2420.9956769 10720.7313017 0.713727603329
797 2323.76525271 10795.025649 0.713624592398
798 2923.87066521 10869.6972489 0.713505065628
799 2207.73806624 10944.8503668 0.713407981335
800 3178.90021217 11020.3843291 0.713299362435
801 1242.08384987 11096.3159445 0.713153598692
802 3498.40422597 11172.6189472 0.713027197812
803 2413.3375508 11249.4113661 0.712915368035
804 3352.54780977 11326.6426751 0.712791861388
805 3538.03574908 11404.2174334 0.712673127018
806 1257.39127546 11482.2340244 0.712534573842
807 3036.34322535 11560.7526882 0.712411448375
808 1924.00385132 11639.6462985 0.712288369805
809 2650.79169208 11718.9641219 0.712157455482
810 2914.56095829 11798.7332998 0.712031726168
811 2780.93793229 11878.9416855 0.711904078553
812 2957.7075791 11959.5945636 0.711766686382
813 1769.15208735 12040.6931227 0.711630340359
814 2319.5928985 12122.239678 0.711488704595
815 3345.85065738 12204.2370777 0.711344508524
816 2090.93910763 12286.6850917 0.711206607096
817 2757.00555629 12369.587236 0.711071794442
818 2028.0425946 12452.9376817 0.710903437054
819 3339.48414193 12536.7543867 0.710760390435
820 3527.57771276 12621.0994438 0.710617299485
821 2020.71233827 12705.8298069 0.710464797302
822 2876.78737392 12791.0276283 0.710309136463
823 3012.44121743 12876.7556451 0.71017383234
824 2084.72583076 12962.8897209 0.710006206946
825 2296.72419614 13049.5518296 0.70984326204
826 3135.65325389 13136.6988773 0.709676993719
827 3359.77736436 13224.3111495 0.709513959683
828 3606.21555106 13312.4061018 0.709338394749
829 3281.37169576 13400.9699117 0.709139411457
830 1612.54685578 13490.0313509 0.708965682556
831 291.806569867 13579.6452146 0.70878913306
832 3119.61091096 13669.6750399 0.708630373918
833 3138.19846823 13760.1879258 0.708461256344
834 3530.82802092 13851.284782 0.70829076126
835 3105.11985238 13942.8715579 0.708150019651
836 2813.47179097 14034.8841589 0.707962557571
837 4392.9345521 14127.4844758 0.707804574851
838 1933.68471904 14220.588331 0.70761645013
839 2809.92290183 14314.1441407 0.707437539267
840 1460.85427445 14408.2697925 0.707248628233
841 1332.00064286 14502.876468 0.707076122899
842 2736.78045032 14598.0490453 0.706918872558
843 2622.88479256 14693.7130721 0.706750192858
844 2135.87303453 14789.9606939 0.706574238012
845 3313.34485488 14886.6932142 0.706378932708
846 2981.69246311 14983.9558862 0.706182883677
847 2709.3295172 15081.779215 0.706013232255
848 3184.9585502 15180.1641319 0.70583851873
849 2184.42230445 15279.098957 0.705654919842
850 1405.39680911 15378.5404188 0.705471529532
851 3295.32555998 15478.6227558 0.705275808228
852 1572.04774855 15579.2165052 0.705090800735
853 1367.45317818 15680.3698405 0.704893055784
854 2286.49865629 15782.1182421 0.704706023569
855 2137.04775639 15884.4367636 0.704517104406
856 1650.06195761 15987.2579496 0.704321582562
857 1940.37390332 16090.6636448 0.704134434184
858 3121.77340064 16194.6547603 0.703960624426
859 3871.45894644 16299.1522438 0.703778501127
860 4299.42219387 16404.2353502 0.703594097514
861 846.363107417 16509.9220982 0.703413187591
862 2197.7248962 16616.1042748 0.70322463859
863 3052.90313426 16722.8203401 0.703039493652
864 3813.6572756 16830.2008594 0.702841570419
865 3645.16012173 16938.0368904 0.702652627545
866 1275.51166506 17046.459183 0.702460759318
867 3113.43633041 17155.5065795 0.702278531193
868 1567.89736868 17265.0697905 0.702077041988
869 2510.75224363 17375.1731096 0.701883473889
870 1577.15341872 17485.8796662 0.701714269214
871 1802.94526202 17597.1492045 0.701533715771
872 1703.79735879 17709.0201941 0.701381502797
873 1023.10375597 17821.3685089 0.701168261313
874 3653.37214596 17934.3448806 0.700982896303
875 4312.30337643 18047.9573913 0.700783095449
876 950.233342051 18162.067236 0.700559323434
877 2718.08234247 18276.7952478 0.700363015522
878 3093.38212643 18392.03941 0.700169398871
879 642.904897223 18507.9214744 0.699985853797
880 3547.42028247 18624.4016753 0.69978691232
881 2551.64657681 18741.4549971 0.699586712054
882 1773.2321264 18859.1054784 0.699393583603
883 835.54784148 18977.3520319 0.699172268788
884 1244.25257113 19096.2021331 0.698975449591
885 2034.98920347 19215.6731196 0.698769035783
886 3588.96343967 19335.7574154 0.698591759274
887 838.389221334 19456.3901185 0.698375940467
888 1338.47032793 19577.6484937 0.698172669646
889 235.866037781 19699.5635755 0.69794012058
890 -151.063433142 19822.1159455 0.697742599143
891 1220.17828956 19945.2425324 0.697523901355
892 2668.56815096 20069.0291301 0.697331762024
893 1725.24268256 20193.488992 0.697119623682
894 1889.84691883 20318.5497023 0.696927631825
895 2817.6894106 20444.299507 0.69674294542
896 1786.39148394 20570.6620601 0.696554504372
897 3243.95734535 20697.6551688 0.696371005097
898 666.047634345 20825.3519765 0.696162759039
899 1919.31459161 20953.7043337 0.695942837314
900 2452.29691629 21082.7765457 0.695759801572
901 4811.064051 21212.526601 0.695580538554
902 698.084790391 21342.9203558 0.695391881486
903 3972.62734855 21474.0140866 0.695202596596
904 2826.36695686 21605.8540316 0.695009253278
905 1881.61497406 21738.3202941 0.694809307372
906 3969.49195912 21871.5509068 0.694632249
907 2020.90450342 22005.5033798 0.694457772687
908 1783.59506273 22140.1731788 0.694287523647
909 -314.627057663 22275.5515265 0.694120849658
910 3391.98004139 22411.5926453 0.693955169956
911 2337.73232944 22548.4411509 0.69375084517
912 1263.93864425 22686.0654692 0.693556001587
913 2622.52704745 22824.4180408 0.693372010395
914 843.241274551 22963.4680898 0.693215660266
915 3188.59811341 23103.3731246 0.693031422443
916 1628.91246246 23243.9816247 0.692856821167
917 3434.01513162 23385.2917742 0.692679808391
918 2297.42229875 23527.4845464 0.692509750924
919 2964.01879238 23670.4146104 0.692330672182
920 2124.56426545 23814.1465123 0.692165528778
921 1136.49278353 23958.707618 0.692006535662
922 -303.914764902 24104.0257291 0.691827818256
923 1262.08196841 24250.1702873 0.691658748504
924 2151.0630064 24397.1011263 0.691507933438
925 337.624463484 24544.8702085 0.691334535137
926 689.85162919 24693.4438834 0.691196745578
927 721.105020608 24842.8860528 0.691045927127
928 754.260917772 24993.1320667 0.69090271626
929 -604.045758594 25144.181516 0.690771372889
930 784.579096135 25296.1389428 0.690646316482
931 1487.13626784 25448.9175576 0.690476265623
932 1952.76132423 25602.5265303 0.690354699517
933 3558.55662193 25757.0579586 0.690199342267
934 1671.0968386 25912.443877 0.69005757356
935 -843.035837808 26068.6849174 0.689936638561
936 3836.66893501 26225.7745924 0.689765297656
937 3792.09189893 26383.7565599 0.689633769733
938 1408.14897309 26542.6841889 0.689483206908
939 1645.02939729 26702.4360725 0.689341192203
940 895.921234905 26863.1330813 0.689220328316
941 2319.48063841 27024.6663442 0.689071436338
942 825.392379126 27187.1867127 0.688950831525
943 806.982835936 27350.6150639 0.688820730706
944 823.998181125 27514.8903762 0.688692047662
945 3448.38408222 27680.1625651 0.688597726552
946 776.175931693 27846.304119 0.688480766325
947 642.499237725 28013.3632966 0.68836535856
948 4733.56693432 28181.393014 0.688240263215
949 1876.48074035 28350.3580218 0.688117392629
950 2023.7240334 28520.2079776 0.687999636135
951 1725.17458294 28691.1059008 0.687878651521
952 1465.64566768 28862.885471 0.687787225184
953 -1752.44135288 29035.5631319 0.687677113792
954 -664.427849578 29209.3215457 0.687575107908
955 2756.96019175 29384.0136066 0.68746353796
956 2807.17564792 29559.6950957 0.68735110921
957 1106.25083141 29736.3211229 0.687270269761
958 -892.909972323 29913.9788307 0.687175668059
959 1921.78271573 30092.6828247 0.687073139529
960 1565.53259937 30272.3375697 0.686958351982
961 3692.44242615 30453.0576708 0.686874661846
962 722.087199469 30634.8537249 0.686757125244
963 1542.30327363 30817.6245411 0.686687866157
964 -133.248306232 31001.3977959 0.686595364452
965 -657.109325893 31186.365448 0.686510905922
966 -250.7214448 31372.3561901 0.686386295048
967 1573.46265943 31559.3594993 0.686287194608
968 2356.50600201 31747.4918627 0.686176819482
969 4543.0654352 31936.6810418 0.68606352732
970 943.428880755 32127.0073669 0.685975041471
971 2654.95128459 32318.4969517 0.685883879064
972 -1025.76372221 32511.053973 0.685807796794
973 2893.85274189 32704.6894472 0.685719810169
974 1670.52315168 32899.5128744 0.6856457649
975 2295.6007085 33095.5433326 0.685568594538
976 2180.997224 33292.6784256 0.685482757487
977 1071.83296023 33490.9457122 0.685432437227
978 4796.20980954 33690.4269201 0.68532425612
979 -1703.17699565 33891.0793107 0.685238571029
980 -1122.64718414 34092.9496454 0.685202301074
981 1551.0814455 34296.0097387 0.685119197394
982 -0.544324567458 34500.3267855 0.685057474943
983 801.278009901 34705.8339653 0.684953676786
984 2389.14293701 34912.5282027 0.68485697722
985 598.393133197 35120.5358155 0.684803687638
986 2917.00578001 35329.8493885 0.684709683275
987 -1304.27609231 35540.3905384 0.684668393312
988 760.302821294 35752.1743131 0.684593453849
989 4137.33819411 35965.2946783 0.684523192612
990 3800.94745935 36179.6665565 0.684458125876
991 2129.45221418 36395.4337531 0.684393878263
992 378.865532189 36612.5370287 0.684315703763
993 2219.29527768 36830.8887592 0.684259305
994 2254.84843754 37050.6718414 0.684215662596
995 541.678791782 37271.748257 0.684135500258
996 2289.34746992 37494.275055 0.684070926992
997 -222.043124198 37718.108475 0.684024593576
998 -462.517914952 37943.4287255 0.683967113332
999 1613.1181059 38170.0659436 0.683939280641
1000 115.105001338 38398.1358362 0.683900042582
1001 1505.12994122 38627.6898042 0.68387610821
1002 2549.85909606 38858.6491468 0.683814470846
1003 2232.4284107 39091.0993637 0.683802896193
1004 2022.94934393 39324.9906363 0.683780760394
1005 3621.19193277 39560.386479 0.683738503233
1006 220.373239437 39797.2454145 0.683701121134
1007 4301.54918623 40035.6533701 0.683696644352
1008 2809.79543034 40275.6343587 0.683645539842
1009 -1315.34994811 40517.1010342 0.683598797389
1010 1654.56335596 40760.1553464 0.683582520722
1011 1651.72389585 41004.7435933 0.683522852568
1012 851.640912607 41250.9330686 0.683510152716
1013 733.912924557 41498.752872 0.683456822232
1014 1753.54130963 41748.1759364 0.683446896287
1015 1517.84868925 41999.2282528 0.683435760928
1016 283.848356716 42251.9305576 0.683411355883
1017 -2569.39542075 42506.2924595 0.683385547475
1018 1239.19614539 42762.3274518 0.683351638482
1019 2139.83366866 43020.0562505 0.683317838556
1020 -893.341679403 43279.4972236 0.683299878959
1021 202.901396172 43540.6581958 0.683279629384
1022 -1370.78864904 43803.552248 0.683283282279
1023 -27.5279502368 44068.1982918 0.683235876701
1024 1509.00873435 44334.6156248 0.683235105387
1025 3221.91449221 44602.8053559 0.683206224397
1026 1269.69121391 44872.7534969 0.683178313006
1027 -3812.40342223 45144.5526955 0.683138006803
1028 1772.572221 45418.1845279 0.683113102066
1029 2724.73853951 45693.6626201 0.683109836185
1030 1069.22385378 45970.9928913 0.683116289726
1031 1593.39290695 46250.1982741 0.683083758689
1032 4873.88319542 46531.2873139 0.683070759268
1033 1379.50658997 46814.2810315 0.683062681595
1034 5257.04604403 47099.188161 0.683051005718
1035 -2680.53924519 47386.0315931 0.683038680245
1036 -1420.86104641 47674.8114178 0.683012387156
1037 549.630042992 47965.5555341 0.683020816842
1038 -871.95546565 48258.3551326 0.683024918836
1039 -3094.23118635 48553.0495178 0.683003047809
1040 456.207426236 48849.8248739 0.682947502089
1041 2372.1135713 49148.7125235 0.682959906721
1042 172.921166437 49449.5410939 0.682954784775
1043 -1583.30984441 49752.4876412 0.682935029699
1044 -483.611717606 50057.5119916 0.682937192124
1045 -1117.61651423 50364.6004218 0.682893184054
1046 2080.98263227 50673.8878411 0.682868965451
1047 -871.41629121 50985.2756357 0.682836868866
1048 5903.01548711 51298.7856363 0.682838881736
1049 4479.28034874 51614.5375463 0.68283008208
1050 2652.58832549 51932.5493608 0.68287275245
1051 599.602598982 52252.7254132 0.682843297607
1052 3220.98322301 52575.1024724 0.682847051003
1053 1240.16962114 52899.738217 0.682826371228
1054 2549.53963842 53226.5963781 0.68287354048
1055 2627.63716616 53555.7443399 0.682844687833
1056 -328.875887219 53887.1955014 0.682861961855
1057 330.005358807 54220.8887767 0.682837447494
1058 990.812916608 54556.8701665 0.682849238823
1059 -2271.16028207 54895.1136014 0.682849880073
1060 1208.17683898 55235.7811504 0.682859191323
1061 -231.817502942 55578.7103241 0.682864220289
1062 -866.006730488 55923.8931031 0.682838164588
1063 982.22439112 56271.5342698 0.682803337523
1064 -2954.20797515 56621.4721443 0.682833645073
1065 3074.9126538 56973.7686478 0.682812690827
1066 104.176270956 57328.4746621 0.682832556519
1067 -1602.19243144 57685.5733157 0.682811497074
1068 2015.37735032 58045.119583 0.682802275125
1069 7918.38120528 58407.0514023 0.682768322675
1070 -53.6998163819 58771.3460495 0.682746137581
1071 1538.78036556 59138.1577604 0.682743718579
1072 1717.37032273 59507.3486119 0.682760354145
1073 -9252.27067443 59879.0924187 0.68278166912
1074 -796.222834336 60253.333533 0.682793261267
1075 -91.3974575389 60630.0481161 0.682784592001
1076 3627.54342424 61009.2753641 0.682769636546
1077 3673.80479111 61391.0148018 0.682759773112
1078 -1057.39128733 61775.2874487 0.682753693686
1079 -1718.05234293 62162.1160743 0.682739257684
1080 2979.30235866 62551.593406 0.682743328757
1081 -1078.90159149 62943.5428018 0.682750182173
1082 670.724476532 63338.1575033 0.682727735008
1083 1871.97281304 63735.4731929 0.682687376892
1084 -1569.73468729 64135.3108199 0.682684774853
1085 -4545.83541088 64537.8427268 0.682652288236
1086 312.595884474 64943.0434422 0.682654890532
1087 -1527.19701743 65350.9976223 0.682651788489
1088 2641.8602896 65761.6262023 0.682690481207
1089 4426.75787201 66174.9336507 0.682663151356
1090 2247.5173987 66590.9330186 0.682640298628
1091 -441.64522873 67009.7668842 0.682572322315
1092 7558.1232989 67431.4305879 0.682604781107
1093 -263.536197489 67855.8439636 0.682583960702
1094 5409.85476787 68282.9966756 0.682582758867
1095 414.607815813 68713.045689 0.682560457445
1096 -1090.37021383 69145.8837833 0.682545191986
1097 1927.39984594 69581.6151867 0.682499973154
1098 4902.83741503 70020.2835108 0.682537167189
1099 1867.26826976 70461.7737088 0.682480384342
1100 6602.05942394 70906.1559716 0.682471603141
1101 -2051.77760073 71353.56904 0.682469871708
1102 1657.0094325 71803.8089637 0.682460311522
1103 3440.19903038 72257.1442148 0.682439773175
1104 3322.14723271 72713.4816891 0.682450156245
1105 173.445625474 73172.8771177 0.682399095089
1106 -1160.03474615 73635.3354718 0.682368481815
1107 -1395.25721798 74101.0108221 0.682328521715
1108 3457.44569217 74569.7146577 0.682295512098
1109 5715.40977327 75041.7144972 0.68230207196
1110 -1223.03201937 75516.8868529 0.68228219152
1111 1754.4568473 75995.3342662 0.682256995247
1112 -148.258723771 76477.1045659 0.682227437717
1113 722.14858478 76962.2289092 0.682204622286
1114 937.608658672 77450.6615962 0.682144560516
1115 -2035.7948103 77942.483565 0.682085713626
1116 1584.83346633 78437.7758334 0.682037756682
1117 588.12029556 78936.5469489 0.682042067561
1118 -1899.90064597 79438.7551541 0.68202962128
1119 -801.796855624 79944.4783216 0.68197712542
1120 4932.99870362 80453.8038696 0.681967659388
1121 7926.6832959 80966.7290843 0.681972244017
1122 -2733.62236693 81483.3234576 0.681951603058
1123 -2809.43048626 82003.5744907 0.681941373434
1124 -1238.80883314 82527.4634867 0.681939972368
1125 -2340.26677594 83055.1605078 0.681949531238
1126 5428.35747374 83586.5492349 0.681943726503
1127 4275.00007272 84121.7293688 0.681904393874
1128 1145.32232355 84660.7675786 0.681875331925
1129 -1264.17210928 85203.6631376 0.681834690422
1130 3372.80932469 85750.4594587 0.681818159116
1131 -1829.23424106 86301.2228835 0.681819318198
1132 1769.39909101 86855.8983761 0.681834555176
1133 1767.46440855 87414.5376086 0.681849440198
1134 -3290.96204036 87977.2405027 0.681831338722
1135 611.808378209 88543.9544923 0.681798018834
1136 5394.80415056 89114.8187824 0.681766814395
1137 -1526.01181402 89689.7472641 0.681703252616
1138 1349.17943458 90268.8106196 0.681680551868
1139 4212.35366794 90852.0738781 0.681622943935
1140 5008.45687003 91439.5308344 0.681627898194
1141 2619.71575678 92031.2908616 0.681596273777
1142 -1059.18315201 92627.282693 0.681567536944
1143 1382.50120305 93227.5558207 0.681507912874
1144 2222.9314531 93832.1883017 0.681485072447
1145 -2637.77306951 94441.1997044 0.681432578201
1146 -515.44435679 95054.6351374 0.681431433888
1147 1837.82255164 95672.5047451 0.681466434023
1148 4624.23844397 96294.7883262 0.681471861611
1149 2427.66847815 96921.637547 0.681459853599
1150 1459.89702073 97552.9893844 0.681452411613
1151 3537.06325783 98188.9897184 0.681476816118
1152 -3027.53116781 98829.5739817 0.681486378388
1153 -4712.0109593 99474.7246779 0.681468836648
1154 -1341.83521713 100124.595496 0.681437049367
1155 8347.4871261 100779.153414 0.681454088997
1156 1754.82042034 101438.462882 0.681477766313
1157 5455.73886586 102102.481674 0.681479602182
1158 4120.89951738 102771.242462 0.68146233401
1159 -1226.66274501 103444.857975 0.681434900483
1160 2535.49219617 104123.198133 0.681444636486
1161 -10322.1079058 104806.527817 0.681430443775
1162 -80.1718524818 105494.656568 0.681401483662
1163 -7051.54204751 106187.748545 0.681404708349
1164 -37.8001612386 106885.795314 0.681361057478
1165 -5043.14745363 107588.765862 0.681346557535
1166 -7094.67644834 108296.861185 0.681282714804
1167 3935.42698862 109009.956603 0.681251847263
1168 6210.37345742 109728.121895 0.681229151945
1169 4503.83508262 110451.416682 0.681228172583
1170 3408.32602885 111179.948882 0.681206055439
1171 6060.24881618 111913.672325 0.6811982078
1172 -1155.40540893 112652.621494 0.681170776708
1173 2970.6817172 113396.791667 0.681132345225
1174 6482.89854034 114146.312752 0.681077556649
1175 2404.71836104 114901.277995 0.681065030877
1176 633.814889849 115661.625591 0.681052501225
1177 8673.155399 116427.401343 0.681050565524
1178 -1194.6500511 117198.684455 0.681063554798
1179 -355.447253057 117975.475541 0.681077444234
1180 6877.72959587 118757.869494 0.681082871555
1181 -904.10063116 119545.958276 0.68106780608
1182 -4694.07158809 120339.69903 0.681024493397
1183 3408.76123613 121139.202284 0.681023475325
1184 9296.41842652 121944.411884 0.681036943788
1185 25.9215191964 122755.572816 0.681058281115
1186 -402.377389888 123572.656023 0.681034047358
1187 272.581648562 124395.719313 0.681003453541
1188 7149.62530413 125224.616454 0.680941385309
1189 -6432.4619258 126059.714996 0.680913416474
1190 966.29216589 126900.870438 0.680902456911
1191 -3850.24825522 127748.238314 0.680869409289
1192 -3995.95170458 128601.833104 0.68082972842
1193 3522.65842399 129461.820061 0.680769110417
1194 258.080725344 130328.106403 0.680781310877
1195 478.362991242 131200.848693 0.680757939307
1196 9375.3162771 132080.080616 0.680707950607
1197 112.848160735 132965.948752 0.680562624476
1198 2322.1509996 133858.431062 0.680572474878
1199 -4873.33172016 134757.561981 0.679048972868
1200 7194.97813695 135663.498231 0.679017928272
