           2  0.2443883E+01  0.1234500E+04  0.9623565E-02  0.1118786E-01  0.6898392E+00
           3 -0.4236332E+01  0.1132100E+04  0.1726636E-01  0.2013950E-01  0.6898392E+00
           4 -0.1837642E+01  0.1042900E+04  0.2695547E-01  0.3138099E-01  0.6898392E+00
           5  0.4857004E+01  0.9751200E+03  0.3865802E-01  0.4489237E-01  0.6898392E+00
           6  0.4984034E+01  0.9258700E+03  0.5235391E-01  0.6065825E-01  0.6898392E+00
           7  0.1090835E+01  0.8902400E+03  0.6802437E-01  0.7867429E-01  0.6898392E+00
           8 -0.3521862E+01  0.8654700E+03  0.8566433E-01  0.9893528E-01  0.6898392E+00
           9  0.1845809E+01  0.8497600E+03  0.1052635E+00  0.1214421E+00  0.6898392E+00
          10  0.5779635E+01  0.8399200E+03  0.1268142E+00  0.1461950E+00  0.6898392E+00
          11 -0.1215254E+01  0.8346600E+03  0.1503209E+00  0.1731968E+00  0.6898392E+00
          12 -0.2319871E+00  0.8333500E+03  0.1757772E+00  0.2024510E+00  0.6898392E+00
          13 -0.4447937E+00  0.8351900E+03  0.2031868E+00  0.2339627E+00  0.6898392E+00
          14 -0.9896241E+00  0.8393000E+03  0.2325493E+00  0.2677398E+00  0.6898392E+00
          15  0.6822530E+01  0.8447700E+03  0.2638722E+00  0.3037840E+00  0.6898392E+00
          16  0.3654517E+01  0.8510000E+03  0.2971505E+00  0.3421102E+00  0.6898392E+00
          17 -0.2069517E+01  0.8589300E+03  0.3323940E+00  0.3827254E+00  0.6898392E+00
          18 -0.1425490E+01  0.8693300E+03  0.3696101E+00  0.4256401E+00  0.6898392E+00
          19  0.5558509E+01  0.8809600E+03  0.4087971E+00  0.4708460E+00  0.6898392E+00
          20  0.3176173E+01  0.8925000E+03  0.4499677E+00  0.5183750E+00  0.6898392E+00
          21 -0.4074493E+01  0.9042900E+03  0.4931188E+00  0.5682344E+00  0.6898392E+00
          22 -0.1673582E+01  0.9169300E+03  0.5382937E+00  0.6204383E+00  0.6898392E+00
          23 -0.3624465E+01  0.9301900E+03  0.5854395E+00  0.6749834E+00  0.6898392E+00
          24 -0.7648728E+01  0.9437500E+03  0.6346230E+00  0.7319020E+00  0.6898392E+00
          25  0.1028232E+02  0.9576200E+03  0.6858267E+00  0.7911896E+00  0.6898392E+00
          26  0.3307294E+01  0.9718900E+03  0.7390493E+00  0.8528622E+00  0.6898392E+00
          27  0.3457946E+01  0.9866200E+03  0.7943086E+00  0.9169496E+00  0.6898392E+00
          28 -0.5483137E+01  0.1001800E+04  0.8516617E+00  0.9834563E+00  0.6898392E+00
          29  0.1171319E+02  0.1017300E+04  0.9110321E+00  0.1052388E+01  0.6898392E+00
          30  0.5295646E+01  0.1032800E+04  0.9724899E+00  0.1123781E+01  0.6898392E+00
          31 -0.4944065E+01  0.1048600E+04  0.1036041E+01  0.1197649E+01  0.6898392E+00
          32 -0.8978178E+00  0.1064600E+04  0.1101661E+01  0.1273983E+01  0.6898392E+00
          33  0.4840856E+01  0.1081100E+04  0.1169425E+01  0.1352827E+01  0.6898392E+00
          34  0.3170363E+01  0.1097800E+04  0.1239304E+01  0.1434179E+01  0.6898392E+00
          35  0.3535300E+01  0.1114800E+04  0.1311328E+01  0.1518080E+01  0.6898392E+00
          36 -0.6144954E+01  0.1131900E+04  0.1385471E+01  0.1604532E+01  0.6898392E+00
          37 -0.1941638E+02  0.1149200E+04  0.1461810E+01  0.1693549E+01  0.6898392E+00
          38  0.1288158E+02  0.1166800E+04  0.1540298E+01  0.1785156E+01  0.6898392E+00
          39 -0.3684337E+01  0.1184600E+04  0.1620980E+01  0.1879377E+01  0.6898392E+00
          40  0.5712543E+01  0.1202600E+04  0.1703858E+01  0.1976235E+01  0.6898392E+00
          41  0.1496604E+02  0.1220900E+04  0.1788987E+01  0.2075737E+01  0.6898392E+00
          42  0.1301154E+02  0.1239300E+04  0.1876312E+01  0.2177921E+01  0.6898392E+00
          43 -0.6375662E+01  0.1257900E+04  0.1965917E+01  0.2282794E+01  0.6898392E+00
          44  0.5173197E+01  0.1276700E+04  0.2057768E+01  0.2390373E+01  0.6898392E+00
          45 -0.1229767E+02  0.1295700E+04  0.2151900E+01  0.2500688E+01  0.6898392E+00
          46  0.5774768E+01  0.1314900E+04  0.2248335E+01  0.2613769E+01  0.6898392E+00
          47  0.1251708E+02  0.1334400E+04  0.2347074E+01  0.2729631E+01  0.6898392E+00
          48 -0.1002264E+02  0.1354000E+04  0.2448139E+01  0.2848289E+01  0.6898392E+00
          49 -0.8240261E+01  0.1373700E+04  0.2551559E+01  0.2969784E+01  0.6898392E+00
          50  0.1409372E+01  0.1393700E+04  0.2657339E+01  0.3094165E+01  0.6898392E+00
          51  0.7812719E+01  0.1414000E+04  0.2765475E+01  0.3221318E+01  0.6898392E+00
          52 -0.2614677E+02  0.1434500E+04  0.2876075E+01  0.3351473E+01  0.6898392E+00
          53 -0.2316084E+01  0.1455200E+04  0.2989030E+01  0.3484512E+01  0.6898392E+00
          54 -0.6510143E+01  0.1476000E+04  0.3104449E+01  0.3620544E+01  0.6898392E+00
          55  0.1061170E+02  0.1496900E+04  0.3222280E+01  0.3759532E+01  0.6898392E+00
          56 -0.4597019E+01  0.1518100E+04  0.3342622E+01  0.3901477E+01  0.6898392E+00
          57 -0.5114460E+00  0.1539600E+04  0.3465433E+01  0.4046482E+01  0.6898392E+00
          58  0.5708454E+01  0.1561400E+04  0.3590782E+01  0.4194483E+01  0.6898392E+00
          59 -0.1854000E+00  0.1583300E+04  0.3718625E+01  0.4345730E+01  0.6898392E+00
          60  0.8135037E+00  0.1605300E+04  0.3849011E+01  0.4499918E+01  0.6898392E+00
          61 -0.6381066E-01  0.1627600E+04  0.3982011E+01  0.4657351E+01  0.6898392E+00
          62 -0.5002593E+01  0.1650100E+04  0.4117545E+01  0.4817945E+01  0.6898392E+00
          63  0.1315512E+02  0.1672800E+04  0.4255715E+01  0.4981679E+01  0.6898392E+00
          64 -0.9931332E+01  0.1695700E+04  0.4396510E+01  0.5148729E+01  0.6898392E+00
          65 -0.8533462E+01  0.1718800E+04  0.4539906E+01  0.5319022E+01  0.6898392E+00
          66  0.9213395E+01  0.1742100E+04  0.4686007E+01  0.5492560E+01  0.6898392E+00
          67 -0.1003017E+02  0.1765700E+04  0.4834814E+01  0.5669438E+01  0.6898392E+00
          68  0.1055755E+01  0.1789400E+04  0.4986218E+01  0.5849719E+01  0.6898392E+00
          69 -0.1065246E+02  0.1813500E+04  0.5140544E+01  0.6033302E+01  0.6898392E+00
          70 -0.5465421E+01  0.1837700E+04  0.5297463E+01  0.6220340E+01  0.6898392E+00
          71 -0.3444838E+02  0.1862200E+04  0.5457337E+01  0.6410896E+01  0.6898392E+00
          72 -0.5425087E+01  0.1886900E+04  0.5619805E+01  0.6604790E+01  0.6898392E+00
          73 -0.1456436E+02  0.1911900E+04  0.5785431E+01  0.6802316E+01  0.6898392E+00
          74  0.5511643E+01  0.1937100E+04  0.5953429E+01  0.7003422E+01  0.6898392E+00
          75 -0.1931106E+01  0.1962500E+04  0.6124731E+01  0.7208062E+01  0.6898392E+00
          76 -0.6488047E+01  0.1988200E+04  0.6298665E+01  0.7416368E+01  0.6898392E+00
          77  0.1388244E+02  0.2014100E+04  0.6475535E+01  0.7628379E+01  0.6898392E+00
          78 -0.1911585E+02  0.2040200E+04  0.6655587E+01  0.7844066E+01  0.6898392E+00
          79 -0.7772695E+01  0.2066500E+04  0.6838393E+01  0.8063494E+01  0.6898392E+00
          80 -0.4264864E+02  0.2093100E+04  0.7024350E+01  0.8286743E+01  0.6898392E+00
          81  0.1064275E+02  0.2120000E+04  0.7212972E+01  0.8513611E+01  0.6898392E+00
          82 -0.6175195E+01  0.2147000E+04  0.7404864E+01  0.8744558E+01  0.6898392E+00
          83  0.7639932E+01  0.2174300E+04  0.7599937E+01  0.8979327E+01  0.6898392E+00
          84 -0.5926651E+01  0.2201800E+04  0.7797916E+01  0.9217938E+01  0.6898392E+00
          85 -0.2140871E+02  0.2229500E+04  0.7999135E+01  0.9460577E+01  0.6898392E+00
          86  0.3266920E+01  0.2257500E+04  0.8203354E+01  0.9707427E+01  0.6898392E+00
          87 -0.2923220E+02  0.2285700E+04  0.8411025E+01  0.9958107E+01  0.6898392E+00
          88 -0.1861031E+02  0.2314100E+04  0.8621844E+01  0.1021301E+02  0.6898392E+00
          89 -0.3856759E+02  0.2342800E+04  0.8835904E+01  0.1047209E+02  0.6898392E+00
          90 -0.2354322E+01  0.2371600E+04  0.9053173E+01  0.1073522E+02  0.6898392E+00
          91 -0.3412722E+02  0.2400700E+04  0.9273685E+01  0.1100269E+02  0.6898392E+00
          92 -0.2898832E+02  0.2430000E+04  0.9497406E+01  0.1127442E+02  0.6898392E+00
          93  0.3266117E+01  0.2459500E+04  0.9724578E+01  0.1155047E+02  0.6898392E+00
          94 -0.9420321E+01  0.2489300E+04  0.9955264E+01  0.1183082E+02  0.6898392E+00
          95 -0.1754711E+02  0.2519200E+04  0.1018934E+02  0.1211570E+02  0.6898392E+00
          96 -0.3421253E+02  0.2549400E+04  0.1042648E+02  0.1240505E+02  0.6898392E+00
          97 -0.1440155E+02  0.2579700E+04  0.1066758E+02  0.1269890E+02  0.6898392E+00
          98  0.9100386E+01  0.2610300E+04  0.1091213E+02  0.1299721E+02  0.6898392E+00
          99 -0.4336480E+02  0.2641000E+04  0.1115996E+02  0.1330021E+02  0.6898392E+00
         100 -0.1587023E+02  0.2672000E+04  0.1141148E+02  0.1360787E+02  0.6898392E+00
         101 -0.3408002E+02  0.2703100E+04  0.1166651E+02  0.1392032E+02  0.6898392E+00
         102 -0.4709020E+02  0.2734400E+04  0.1192551E+02  0.1423731E+02  0.6898392E+00
         103 -0.2231044E+02  0.2765900E+04  0.1218796E+02  0.1455921E+02  0.6898392E+00
         104 -0.1678314E+02  0.2797500E+04  0.1245419E+02  0.1488607E+02  0.6898392E+00
         105 -0.9542638E+01  0.2829400E+04  0.1272394E+02  0.1521770E+02  0.6898392E+00
         106 -0.2838082E+02  0.2861400E+04  0.1299762E+02  0.1555437E+02  0.6898392E+00
         107 -0.6277551E+02  0.2893500E+04  0.1327509E+02  0.1589609E+02  0.6898392E+00
         108 -0.6072552E+02  0.2925800E+04  0.1355634E+02  0.1624277E+02  0.6898392E+00
         109 -0.6106459E+01  0.2958300E+04  0.1384174E+02  0.1659454E+02  0.6898392E+00
         110 -0.1035029E+02  0.2990900E+04  0.1413072E+02  0.1695168E+02  0.6898392E+00
         111 -0.1721152E+02  0.3023700E+04  0.1442372E+02  0.1731390E+02  0.6898392E+00
         112  0.8499137E+00  0.3056500E+04  0.1472069E+02  0.1768142E+02  0.6898392E+00
         113 -0.2086792E+02  0.3089600E+04  0.1502168E+02  0.1805438E+02  0.6898392E+00
         114 -0.3694460E+02  0.3122700E+04  0.1532695E+02  0.1843258E+02  0.6898392E+00
         115  0.9920631E+01  0.3156000E+04  0.1563620E+02  0.1881631E+02  0.6898392E+00
         116 -0.5552327E+02  0.3189300E+04  0.1594946E+02  0.1920560E+02  0.6898392E+00
         117 -0.1213256E+03  0.3222800E+04  0.1626701E+02  0.1960045E+02  0.6898392E+00
         118 -0.7930341E+02  0.3256400E+04  0.1658877E+02  0.2000082E+02  0.6898392E+00
         119 -0.6777151E+02  0.3290100E+04  0.1691483E+02  0.2040699E+02  0.6898392E+00
         120 -0.7457433E+02  0.3323800E+04  0.1724502E+02  0.2081875E+02  0.6898392E+00
         121 -0.3926953E+02  0.3357600E+04  0.1757958E+02  0.2123647E+02  0.6898392E+00
         122 -0.1197610E+02  0.3391500E+04  0.1791854E+02  0.2165990E+02  0.6898392E+00
         123 -0.4646774E+02  0.3425400E+04  0.1826198E+02  0.2208938E+02  0.6898392E+00
         124 -0.4704593E+02  0.3459400E+04  0.1860969E+02  0.2252489E+02  0.6898392E+00
         125 -0.1925470E+02  0.3493400E+04  0.1896214E+02  0.2296637E+02  0.6898392E+00
         126 -0.3612260E+02  0.3527500E+04  0.1931893E+02  0.2341387E+02  0.6898392E+00
         127  0.2612370E+02  0.3561600E+04  0.1968025E+02  0.2386771E+02  0.6898392E+00
         128 -0.1058104E+03  0.3595700E+04  0.2004619E+02  0.2432770E+02  0.6898392E+00
         129 -0.1137671E+02  0.3629700E+04  0.2041704E+02  0.2479396E+02  0.6898392E+00
         130 -0.5344594E+02  0.3663800E+04  0.2079230E+02  0.2526669E+02  0.6898392E+00
         131 -0.3904933E+02  0.3697900E+04  0.2117224E+02  0.2574571E+02  0.6898392E+00
         132 -0.1197205E+02  0.3732000E+04  0.2155709E+02  0.2623147E+02  0.6898392E+00
         133 -0.5057348E+02  0.3766000E+04  0.2194692E+02  0.2672345E+02  0.6898392E+00
         134 -0.3185393E+02  0.3800000E+04  0.2234155E+02  0.2722231E+02  0.6898392E+00
         135 -0.5449911E+02  0.3833900E+04  0.2274084E+02  0.2772793E+02  0.6898392E+00
         136 -0.1093448E+03  0.3867800E+04  0.2314532E+02  0.2824012E+02  0.6898392E+00
         137 -0.3878163E+02  0.3901700E+04  0.2355465E+02  0.2875939E+02  0.6898392E+00
         138 -0.5487132E+02  0.3935500E+04  0.2396889E+02  0.2928516E+02  0.6898392E+00
         139  0.2299902E+02  0.3969200E+04  0.2438857E+02  0.2981828E+02  0.6898392E+00
         140 -0.2567180E+02  0.4002800E+04  0.2481337E+02  0.3035843E+02  0.6898392E+00
         141 -0.1290457E+03  0.4036300E+04  0.2524295E+02  0.3090552E+02  0.6898392E+00
         142 -0.2105429E+02  0.4069700E+04  0.2567791E+02  0.3146026E+02  0.6898392E+00
         143 -0.3761143E+02  0.4103000E+04  0.2611817E+02  0.3202149E+02  0.6898392E+00
         144 -0.5028498E+02  0.4136100E+04  0.2656355E+02  0.3259087E+02  0.6898392E+00
         145 -0.3052414E+02  0.4169200E+04  0.2701454E+02  0.3316654E+02  0.6898392E+00
         146 -0.4604298E+02  0.4202100E+04  0.2747078E+02  0.3375061E+02  0.6898392E+00
         147 -0.9161051E+02  0.4234800E+04  0.2793264E+02  0.3434190E+02  0.6898392E+00
         148 -0.2577550E+02  0.4267400E+04  0.2839961E+02  0.3494112E+02  0.6898392E+00
         149  0.1446703E+01  0.4299800E+04  0.2887215E+02  0.3554817E+02  0.6898392E+00
         150 -0.2045311E+02  0.4332000E+04  0.2935075E+02  0.3616337E+02  0.6898392E+00
         151 -0.4207676E+02  0.4364000E+04  0.2983447E+02  0.3678515E+02  0.6898392E+00
         152 -0.1428821E+01  0.4395900E+04  0.3032406E+02  0.3741635E+02  0.6898392E+00
         153 -0.3521953E+02  0.4427500E+04  0.3081928E+02  0.3805465E+02  0.6898392E+00
         154 -0.4428387E+02  0.4458900E+04  0.3132013E+02  0.3870107E+02  0.6898392E+00
         155 -0.3186300E+02  0.4490000E+04  0.3182704E+02  0.3935603E+02  0.6898392E+00
         156 -0.5558527E+02  0.4520900E+04  0.3233952E+02  0.4001946E+02  0.6898392E+00
         157  0.8660490E+01  0.4551600E+04  0.3285819E+02  0.4069048E+02  0.6898392E+00
         158 -0.2575353E+02  0.4582000E+04  0.3338268E+02  0.4137106E+02  0.6898392E+00
         159 -0.4734150E+02  0.4612100E+04  0.3391336E+02  0.4205912E+02  0.6898392E+00
         160 -0.4924805E+02  0.4642000E+04  0.3445005E+02  0.4275700E+02  0.6898392E+00
         161 -0.9018308E+02  0.4671600E+04  0.3499245E+02  0.4346370E+02  0.6898392E+00
         162 -0.5333958E+02  0.4700800E+04  0.3554140E+02  0.4417721E+02  0.6898392E+00
         163 -0.6884286E+02  0.4729800E+04  0.3609656E+02  0.4490057E+02  0.6898392E+00
         164 -0.8827461E+02  0.4758400E+04  0.3665760E+02  0.4563343E+02  0.6898392E+00
         165 -0.9387630E+02  0.4786700E+04  0.3722528E+02  0.4637516E+02  0.6898392E+00
         166 -0.6522643E+02  0.4814700E+04  0.3779905E+02  0.4712588E+02  0.6898392E+00
         167 -0.8710529E+02  0.4842300E+04  0.3837951E+02  0.4788637E+02  0.6898392E+00
         168 -0.1281752E+03  0.4869600E+04  0.3896630E+02  0.4865689E+02  0.6898392E+00
         169 -0.1075713E+03  0.4896500E+04  0.3955948E+02  0.4943521E+02  0.6898392E+00
         170 -0.1933339E+02  0.4923000E+04  0.4015943E+02  0.5022384E+02  0.6898392E+00
         171 -0.1191729E+02  0.4949200E+04  0.4076585E+02  0.5102274E+02  0.6898392E+00
         172 -0.2895638E+02  0.4975000E+04  0.4137917E+02  0.5183068E+02  0.6898392E+00
         173 -0.4401286E+02  0.5000400E+04  0.4199899E+02  0.5264854E+02  0.6898392E+00
         174 -0.6728335E+02  0.5025400E+04  0.4262571E+02  0.5347635E+02  0.6898392E+00
         175 -0.3241040E+02  0.5049900E+04  0.4325870E+02  0.5431466E+02  0.6898392E+00
         176 -0.6872970E+02  0.5074100E+04  0.4389956E+02  0.5516339E+02  0.6898392E+00
         177 -0.9082732E+02  0.5097800E+04  0.4454687E+02  0.5602153E+02  0.6898392E+00
         178 -0.4274930E+02  0.5121100E+04  0.4520112E+02  0.5688975E+02  0.6898392E+00
         179 -0.1618597E+02  0.5144000E+04  0.4586229E+02  0.5776978E+02  0.6898392E+00
         180 -0.4179451E+02  0.5166400E+04  0.4653086E+02  0.5865936E+02  0.6898392E+00
         181  0.5241077E+02  0.5188400E+04  0.4720681E+02  0.5955991E+02  0.6898392E+00
         182 -0.4955172E+02  0.5209900E+04  0.4788968E+02  0.6047264E+02  0.6898392E+00
         183 -0.7930584E+02  0.5230900E+04  0.4857993E+02  0.6139502E+02  0.6898392E+00
         184 -0.7531503E+02  0.5251500E+04  0.4927778E+02  0.6232881E+02  0.6898392E+00
         185  0.3244861E+01  0.5271600E+04  0.4998158E+02  0.6327345E+02  0.6898392E+00
         186 -0.1670570E+02  0.5291200E+04  0.5069509E+02  0.6423032E+02  0.6898392E+00
         187 -0.3307928E+02  0.5310200E+04  0.5141677E+02  0.6519804E+02  0.6898392E+00
         188 -0.5832615E+02  0.5328800E+04  0.5214484E+02  0.6617787E+02  0.6898392E+00
         189 -0.6672620E+02  0.5346800E+04  0.5287879E+02  0.6716805E+02  0.6898392E+00
         190 -0.9190176E+02  0.5364400E+04  0.5362227E+02  0.6817165E+02  0.6898392E+00
         191 -0.2114966E+02  0.5381300E+04  0.5437184E+02  0.6918601E+02  0.6898392E+00
         192 -0.6586163E+02  0.5397800E+04  0.5513272E+02  0.7021333E+02  0.6898392E+00
         193 -0.5751690E+01  0.5413700E+04  0.5589790E+02  0.7125259E+02  0.6898392E+00
         194 -0.5509977E+02  0.5429100E+04  0.5667459E+02  0.7230425E+02  0.6898392E+00
         195 -0.6067026E+01  0.5443900E+04  0.5745539E+02  0.7336850E+02  0.6898392E+00
         196 -0.7439989E+02  0.5458200E+04  0.5824780E+02  0.7444548E+02  0.6898392E+00
         197 -0.4744087E+02  0.5472000E+04  0.5904667E+02  0.7553432E+02  0.6898392E+00
         198 -0.7346035E+02  0.5485100E+04  0.5985508E+02  0.7663762E+02  0.6898392E+00
         199  0.2770209E+02  0.5497800E+04  0.6067175E+02  0.7775343E+02  0.6898392E+00
         200  0.6293421E+02  0.5509800E+04  0.6149488E+02  0.7888124E+02  0.6898392E+00
         201  0.1332127E+02  0.5521300E+04  0.6232951E+02  0.8002378E+02  0.6898392E+00
         202  0.4971186E+02  0.5532200E+04  0.6316797E+02  0.8118055E+02  0.6898392E+00
         203 -0.4104567E+02  0.5542600E+04  0.6401733E+02  0.8234959E+02  0.6898392E+00
         204 -0.3338960E+02  0.5552300E+04  0.6487868E+02  0.8353239E+02  0.6898392E+00
         205  0.8724933E+02  0.5561500E+04  0.6574532E+02  0.8472901E+02  0.6898392E+00
         206  0.9381705E+02  0.5570100E+04  0.6662336E+02  0.8593993E+02  0.6898392E+00
         207 -0.7258625E+02  0.5578100E+04  0.6750650E+02  0.8716662E+02  0.6898392E+00
         208  0.2363831E+02  0.5585500E+04  0.6840181E+02  0.8840555E+02  0.6898392E+00
         209  0.2243684E+02  0.5592300E+04  0.6930606E+02  0.8966007E+02  0.6898392E+00
         210 -0.3802114E+01  0.5598500E+04  0.7021857E+02  0.9092918E+02  0.6898392E+00
         211  0.3364094E+02  0.5604100E+04  0.7114130E+02  0.9221399E+02  0.6898392E+00
         212 -0.8369099E+02  0.5609100E+04  0.7207108E+02  0.9351285E+02  0.6898392E+00
         213 -0.4355783E+02  0.5613500E+04  0.7301490E+02  0.9482795E+02  0.6898392E+00
         214  0.5881138E+02  0.5617300E+04  0.7396383E+02  0.9615848E+02  0.6898392E+00
         215 -0.6992581E+01  0.5620400E+04  0.7492297E+02  0.9750217E+02  0.6898392E+00
         216  0.1899186E+01  0.5623000E+04  0.7589300E+02  0.9886301E+02  0.6898392E+00
         217  0.5132675E+02  0.5624900E+04  0.7687324E+02  0.1002408E+03  0.6898392E+00
         218 -0.6666870E+01  0.5626100E+04  0.7786173E+02  0.1016335E+03  0.6898392E+00
         219 -0.5491397E+02  0.5626800E+04  0.7886044E+02  0.1030420E+03  0.6898392E+00
         220 -0.7603776E+02  0.5626900E+04  0.7987003E+02  0.1044682E+03  0.6898392E+00
         221  0.2848459E+02  0.5626300E+04  0.8088914E+02  0.1059104E+03  0.6898392E+00
         222  0.7512856E+02  0.5625200E+04  0.8191983E+02  0.1073688E+03  0.6898392E+00
         223  0.4881815E+02  0.5623400E+04  0.8296004E+02  0.1088448E+03  0.6898392E+00
         224 -0.3834098E+02  0.5621000E+04  0.8400920E+02  0.1103380E+03  0.6898392E+00
         225  0.7877551E+01  0.5618000E+04  0.8507297E+02  0.1118470E+03  0.6898392E+00
         226  0.1259435E+03  0.5614400E+04  0.8614252E+02  0.1133751E+03  0.6898392E+00
         227 -0.6575557E+02  0.5610200E+04  0.8722298E+02  0.1149199E+03  0.6898392E+00
         228 -0.3372289E+00  0.5605400E+04  0.8831803E+02  0.1164827E+03  0.6898392E+00
         229  0.1598710E+02  0.5600000E+04  0.8941957E+02  0.1180631E+03  0.6898392E+00
         230 -0.8603426E+00  0.5594000E+04  0.9053378E+02  0.1196620E+03  0.6898392E+00
         231  0.3447904E+02  0.5587400E+04  0.9165889E+02  0.1212781E+03  0.6898392E+00
         232  0.5900826E+01  0.5580200E+04  0.9279611E+02  0.1229143E+03  0.6898392E+00
         233  0.1103762E+03  0.5572500E+04  0.9394408E+02  0.1245675E+03  0.6898392E+00
         234 -0.3711287E+02  0.5564100E+04  0.9510239E+02  0.1262405E+03  0.6898392E+00
         235  0.2855529E+02  0.5555100E+04  0.9627214E+02  0.1279328E+03  0.6898392E+00
         236  0.4394057E+02  0.5545500E+04  0.9745400E+02  0.1296440E+03  0.6898392E+00
         237 -0.5755077E+02  0.5535400E+04  0.9864854E+02  0.1313735E+03  0.6898392E+00
         238  0.8669424E+01  0.5524600E+04  0.9985274E+02  0.1331230E+03  0.6898392E+00
         239  0.3905224E+02  0.5513300E+04  0.1010703E+03  0.1348934E+03  0.6898392E+00
         240  0.7393449E+02  0.5501400E+04  0.1022975E+03  0.1366814E+03  0.6898392E+00
         241 -0.1586064E+02  0.5488900E+04  0.1035373E+03  0.1384913E+03  0.6898392E+00
         242  0.2074103E+02  0.5475800E+04  0.1047900E+03  0.1403205E+03  0.6898392E+00
         243  0.7759158E+02  0.5462200E+04  0.1060553E+03  0.1421701E+03  0.6898392E+00
         244  0.1037873E+03  0.5448000E+04  0.1073335E+03  0.1440412E+03  0.6898392E+00
         245  0.3459755E+02  0.5433200E+04  0.1086206E+03  0.1459315E+03  0.6898392E+00
         246  0.1155198E+02  0.5417900E+04  0.1099222E+03  0.1478444E+03  0.6898392E+00
         247  0.8408287E+01  0.5402100E+04  0.1112373E+03  0.1497775E+03  0.6898392E+00
         248  0.3452381E+02  0.5385700E+04  0.1125651E+03  0.1517326E+03  0.6898392E+00
         249  0.5763070E+02  0.5368800E+04  0.1139038E+03  0.1537090E+03  0.6898392E+00
         250  0.9747559E+02  0.5351400E+04  0.1152559E+03  0.1557067E+03  0.6898392E+00
         251 -0.4039647E+02  0.5333500E+04  0.1166226E+03  0.1577262E+03  0.6898392E+00
         252  0.1273642E+03  0.5315000E+04  0.1180001E+03  0.1597683E+03  0.6898392E+00
         253  0.5804473E+02  0.5296100E+04  0.1193929E+03  0.1618327E+03  0.6898392E+00
         254  0.7666420E+01  0.5276700E+04  0.1207966E+03  0.1639186E+03  0.6898392E+00
         255  0.8551180E+02  0.5256700E+04  0.1222156E+03  0.1660286E+03  0.6898392E+00
         256  0.9129205E+02  0.5236300E+04  0.1236479E+03  0.1681603E+03  0.6898392E+00
         257  0.6143436E+02  0.5215500E+04  0.1250930E+03  0.1703167E+03  0.6898392E+00
         258  0.1076461E+03  0.5194100E+04  0.1265533E+03  0.1724950E+03  0.6898392E+00
         259 -0.2025208E+02  0.5172300E+04  0.1280263E+03  0.1746969E+03  0.6898392E+00
         260  0.1681133E+03  0.5150000E+04  0.1295134E+03  0.1769227E+03  0.6898392E+00
         261  0.7047109E+02  0.5127300E+04  0.1310133E+03  0.1791739E+03  0.6898392E+00
         262  0.2876211E+02  0.5104100E+04  0.1325309E+03  0.1814470E+03  0.6898392E+00
         263  0.1487517E+03  0.5080500E+04  0.1340612E+03  0.1837453E+03  0.6898392E+00
         264  0.7915658E+02  0.5056500E+04  0.1356049E+03  0.1860697E+03  0.6898392E+00
         265  0.1319046E+01  0.5032000E+04  0.1371633E+03  0.1884173E+03  0.6898392E+00
         266  0.1292021E+03  0.5007200E+04  0.1387375E+03  0.1907898E+03  0.6898392E+00
         267  0.2055941E+02  0.4981900E+04  0.1403251E+03  0.1931889E+03  0.6898392E+00
         268  0.5530329E+01  0.4956200E+04  0.1419281E+03  0.1956133E+03  0.6898392E+00
         269 -0.7188488E+01  0.4930200E+04  0.1435469E+03  0.1980632E+03  0.6898392E+00
         270  0.7059542E+02  0.4903700E+04  0.1451784E+03  0.2005393E+03  0.6898392E+00
         271  0.1082602E+03  0.4876900E+04  0.1468295E+03  0.2030413E+03  0.6898392E+00
         272  0.3914059E+02  0.4849800E+04  0.1484923E+03  0.2055700E+03  0.6898392E+00
         273  0.1548981E+03  0.4822300E+04  0.1501727E+03  0.2081259E+03  0.6898392E+00
         274  0.1446327E+03  0.4794400E+04  0.1518685E+03  0.2107089E+03  0.6898392E+00
         275  0.1083516E+03  0.4766300E+04  0.1535801E+03  0.2133184E+03  0.6898392E+00
         276  0.1297262E+03  0.4737800E+04  0.1553070E+03  0.2159566E+03  0.6898392E+00
         277  0.2020187E+03  0.4709000E+04  0.1570491E+03  0.2186218E+03  0.6898392E+00
         278  0.1891115E+03  0.4679900E+04  0.1588072E+03  0.2213166E+03  0.6898392E+00
         279  0.6836248E+02  0.4650500E+04  0.1605848E+03  0.2240391E+03  0.6898392E+00
         280  0.5576620E+02  0.4620900E+04  0.1623766E+03  0.2267899E+03  0.6898392E+00
         281  0.1240765E+03  0.4590900E+04  0.1641854E+03  0.2295697E+03  0.6898392E+00
         282  0.1218480E+03  0.4560700E+04  0.1660127E+03  0.2323801E+03  0.6898392E+00
         283  0.1100569E+03  0.4530300E+04  0.1678526E+03  0.2352190E+03  0.6898392E+00
         284  0.1411702E+03  0.4499600E+04  0.1697111E+03  0.2380881E+03  0.6898392E+00
         285  0.1810438E+03  0.4468700E+04  0.1715898E+03  0.2409877E+03  0.6898392E+00
         286  0.3904802E+02  0.4437500E+04  0.1734837E+03  0.2439181E+03  0.6898392E+00
         287  0.6815286E+02  0.4406200E+04  0.1753936E+03  0.2468780E+03  0.6898392E+00
         288  0.1035759E+03  0.4374600E+04  0.1773238E+03  0.2498717E+03  0.6898392E+00
         289  0.1735850E+03  0.4342900E+04  0.1792716E+03  0.2528945E+03  0.6898392E+00
         290 -0.7018266E+01  0.4310900E+04  0.1812373E+03  0.2559505E+03  0.6898392E+00
         291  0.5526297E+02  0.4278800E+04  0.1832188E+03  0.2590388E+03  0.6898392E+00
         292  0.1600929E+03  0.4246500E+04  0.1852200E+03  0.2621589E+03  0.6898392E+00
         293  0.1276978E+03  0.4214100E+04  0.1872395E+03  0.2653141E+03  0.6898392E+00
         294  0.1833512E+03  0.4181500E+04  0.1892776E+03  0.2685010E+03  0.6898392E+00
         295  0.1227040E+03  0.4148800E+04  0.1913333E+03  0.2717205E+03  0.6898392E+00
         296  0.3031351E+01  0.4116000E+04  0.1934093E+03  0.2749741E+03  0.6898392E+00
         297  0.8421972E+02  0.4083100E+04  0.1955056E+03  0.2782621E+03  0.6898392E+00
         298 -0.3168470E+02  0.4050000E+04  0.1976197E+03  0.2815853E+03  0.6898392E+00
         299  0.1234588E+03  0.4016900E+04  0.1997522E+03  0.2849426E+03  0.6898392E+00
         300  0.1932589E+03  0.3983700E+04  0.2019049E+03  0.2883371E+03  0.6898392E+00
         301  0.3629131E+02  0.3950400E+04  0.2040779E+03  0.2917634E+03  0.6898392E+00
         302  0.4334444E+02  0.3917000E+04  0.2062711E+03  0.2952316E+03  0.6898392E+00
         303  0.1478705E+02  0.3883600E+04  0.2084802E+03  0.2987336E+03  0.6898392E+00
         304  0.1958502E+03  0.3850200E+04  0.2107147E+03  0.3022699E+03  0.6898392E+00
         305  0.1144628E+03  0.3816700E+04  0.2129686E+03  0.3058444E+03  0.6898392E+00
         306 -0.7288107E+02  0.3783300E+04  0.2152393E+03  0.3094590E+03  0.6898392E+00
         307  0.6413074E+02  0.3749800E+04  0.2175345E+03  0.3131085E+03  0.6898392E+00
         308  0.1819274E+03  0.3716300E+04  0.2198498E+03  0.3167977E+03  0.6898392E+00
         309  0.5937121E+02  0.3682800E+04  0.2221862E+03  0.3205282E+03  0.6898392E+00
         310  0.2026874E+03  0.3649300E+04  0.2245428E+03  0.3242943E+03  0.6898392E+00
         311  0.2203920E+03  0.3615900E+04  0.2269222E+03  0.3280992E+03  0.6898392E+00
         312  0.1234658E+03  0.3582500E+04  0.2293243E+03  0.3319475E+03  0.6898392E+00
         313  0.8146777E+02  0.3549100E+04  0.2317449E+03  0.3358326E+03  0.6898392E+00
         314  0.6481445E+02  0.3515900E+04  0.2341900E+03  0.3397635E+03  0.6898392E+00
         315  0.5096201E+02  0.3482700E+04  0.2366560E+03  0.3437277E+03  0.6898392E+00
         316  0.2026768E+03  0.3449500E+04  0.2391440E+03  0.3477393E+03  0.6898392E+00
         317  0.1994111E+03  0.3416500E+04  0.2416548E+03  0.3517865E+03  0.6898392E+00
         318  0.1564943E+03  0.3383600E+04  0.2441891E+03  0.3558835E+03  0.6898392E+00
         319  0.5329470E+02  0.3350700E+04  0.2467461E+03  0.3600135E+03  0.6898392E+00
         320  0.1179771E+03  0.3318000E+04  0.2493258E+03  0.3641979E+03  0.6898392E+00
         321  0.7015145E+02  0.3285400E+04  0.2519308E+03  0.3684177E+03  0.6898392E+00
         322  0.3074908E+02  0.3253000E+04  0.2545577E+03  0.3726815E+03  0.6898392E+00
         323 -0.4845104E+02  0.3220700E+04  0.2572081E+03  0.3769933E+03  0.6898392E+00
         324  0.6610403E+02  0.3188500E+04  0.2598837E+03  0.3813397E+03  0.6898392E+00
         325  0.1549857E+03  0.3156500E+04  0.2625821E+03  0.3857380E+03  0.6898392E+00
         326  0.1559329E+03  0.3124700E+04  0.2653031E+03  0.3901860E+03  0.6898392E+00
         327  0.1633810E+03  0.3093000E+04  0.2680520E+03  0.3946794E+03  0.6898392E+00
         328  0.2071732E+03  0.3061600E+04  0.2708253E+03  0.3992023E+03  0.6898392E+00
         329  0.2468145E+03  0.3030300E+04  0.2736220E+03  0.4037889E+03  0.6898392E+00
         330  0.3544495E+02  0.2999300E+04  0.2764431E+03  0.4084114E+03  0.6898392E+00
         331  0.9996222E+02  0.2968400E+04  0.2792921E+03  0.4130962E+03  0.6898392E+00
         332  0.1129134E+03  0.2937800E+04  0.2821662E+03  0.4178113E+03  0.6898392E+00
         333  0.1364586E+03  0.2907400E+04  0.2850630E+03  0.4225931E+03  0.6898392E+00
         334  0.9468541E+02  0.2877300E+04  0.2879892E+03  0.4274072E+03  0.6898392E+00
         335 -0.1100426E+02  0.2847400E+04  0.2909389E+03  0.4322873E+03  0.6898392E+00
         336  0.2553070E+03  0.2817700E+04  0.2939207E+03  0.4372005E+03  0.6898392E+00
         337  0.1139759E+03  0.2788300E+04  0.2969233E+03  0.4421598E+03  0.6898392E+00
         338  0.7816854E+02  0.2759200E+04  0.2999545E+03  0.4471823E+03  0.6898392E+00
         339  0.1727669E+03  0.2730400E+04  0.3030135E+03  0.4522497E+03  0.6898392E+00
         340  0.1765569E+03  0.2701900E+04  0.3061002E+03  0.4573727E+03  0.6898392E+00
         341  0.1765101E+03  0.2673700E+04  0.3092119E+03  0.4625391E+03  0.6898392E+00
         342  0.1493133E+03  0.2645800E+04  0.3123532E+03  0.4677655E+03  0.6898392E+00
         343 -0.3291304E+01  0.2618200E+04  0.3155239E+03  0.4730406E+03  0.6898392E+00
         344  0.4764367E+02  0.2590900E+04  0.3187196E+03  0.4783695E+03  0.6898392E+00
         345  0.8381565E+02  0.2563900E+04  0.3219456E+03  0.4837528E+03  0.6898392E+00
         346  0.1488713E+03  0.2537300E+04  0.3251992E+03  0.4891922E+03  0.6898392E+00
         347  0.1018804E+03  0.2510900E+04  0.3284822E+03  0.4946830E+03  0.6898392E+00
         348  0.8559739E+02  0.2485000E+04  0.3317963E+03  0.5002246E+03  0.6898392E+00
         349  0.1920221E+03  0.2459300E+04  0.3351389E+03  0.5058260E+03  0.6898392E+00
         350 -0.3843898E+02  0.2434000E+04  0.3385099E+03  0.5114758E+03  0.6898392E+00
         351  0.4626436E+02  0.2409000E+04  0.3419111E+03  0.5171786E+03  0.6898392E+00
         352  0.1947858E+02  0.2384400E+04  0.3453417E+03  0.5229573E+03  0.6898392E+00
         353  0.9907425E+01  0.2360200E+04  0.3488049E+03  0.5287793E+03  0.6898392E+00
         354  0.1068952E+03  0.2336300E+04  0.3522974E+03  0.5346541E+03  0.6898392E+00
         355  0.6536751E+02  0.2312800E+04  0.3558217E+03  0.5406028E+03  0.6898392E+00
         356  0.1146910E+03  0.2289700E+04  0.3593745E+03  0.5466011E+03  0.6898392E+00
         357  0.1853293E+03  0.2266900E+04  0.3629600E+03  0.5526630E+03  0.6898392E+00
         358  0.1361801E+03  0.2244600E+04  0.3665780E+03  0.5587713E+03  0.6898392E+00
         359  0.1749399E+02  0.2222600E+04  0.3702245E+03  0.5649559E+03  0.6898392E+00
         360  0.8961169E+02  0.2201000E+04  0.3739078E+03  0.5711982E+03  0.6898392E+00
         361  0.5636620E+02  0.2179800E+04  0.3776195E+03  0.5774880E+03  0.6898392E+00
         362  0.1505328E+02  0.2159000E+04  0.3813671E+03  0.5838451E+03  0.6898392E+00
         363  0.2227906E+02  0.2138700E+04  0.3851448E+03  0.5902816E+03  0.6898392E+00
         364  0.4809534E+02  0.2118700E+04  0.3889576E+03  0.5967480E+03  0.6898392E+00
         365  0.1018332E+03  0.2099200E+04  0.3928022E+03  0.6032972E+03  0.6898392E+00
         366  0.7763924E+02  0.2080100E+04  0.3966792E+03  0.6099106E+03  0.6898392E+00
         367  0.4040937E+02  0.2061400E+04  0.4005913E+03  0.6165828E+03  0.6898392E+00
         368  0.4760901E+01  0.2043100E+04  0.4045385E+03  0.6233293E+03  0.6898392E+00
         369  0.5034724E+02  0.2025200E+04  0.4085206E+03  0.6301306E+03  0.6898392E+00
         370  0.1725075E+02  0.2007800E+04  0.4125345E+03  0.6370116E+03  0.6898392E+00
         371  0.1236455E+03  0.1990800E+04  0.4165841E+03  0.6439515E+03  0.6898392E+00
         372 -0.9200500E+02  0.1974200E+04  0.4206696E+03  0.6509495E+03  0.6898392E+00
         373  0.9458466E+02  0.1958100E+04  0.4247909E+03  0.6580138E+03  0.6898392E+00
         374 -0.3203366E+02  0.1942300E+04  0.4289479E+03  0.6651616E+03  0.6898392E+00
         375  0.3255261E+01  0.1927000E+04  0.4331400E+03  0.6723629E+03  0.6898392E+00
         376  0.1592793E+03  0.1912200E+04  0.4373685E+03  0.6796356E+03  0.6898392E+00
         377  0.1500630E+03  0.1897700E+04  0.4416328E+03  0.6869865E+03  0.6898392E+00
         378  0.2245812E+03  0.1883700E+04  0.4459355E+03  0.6944037E+03  0.6898392E+00
         379  0.6677293E+02  0.1870200E+04  0.4502763E+03  0.7018964E+03  0.6898392E+00
         380  0.9185564E+02  0.1857000E+04  0.4546466E+03  0.7094510E+03  0.6898392E+00
         381 -0.3097018E+01  0.1844300E+04  0.4590612E+03  0.7170739E+03  0.6898392E+00
         382 -0.4023715E+02  0.1832000E+04  0.4635124E+03  0.7247805E+03  0.6898392E+00
         383  0.4532343E+02  0.1820200E+04  0.4680069E+03  0.7325490E+03  0.6898392E+00
         384  0.8679155E+02  0.1808800E+04  0.4725334E+03  0.7404009E+03  0.6898392E+00
         385  0.5216434E+02  0.1797800E+04  0.4770927E+03  0.7483209E+03  0.6898392E+00
         386  0.7209329E+01  0.1787300E+04  0.4817040E+03  0.7563237E+03  0.6898392E+00
         387 -0.6058286E+02  0.1777200E+04  0.4863473E+03  0.7643976E+03  0.6898392E+00
         388 -0.2649977E+02  0.1767500E+04  0.4910338E+03  0.7725522E+03  0.6898392E+00
         389 -0.6153839E+02  0.1758300E+04  0.4957545E+03  0.7807761E+03  0.6898392E+00
         390 -0.1417971E+03  0.1749500E+04  0.5005185E+03  0.7890679E+03  0.6898392E+00
         391 -0.6021764E+02  0.1741200E+04  0.5053282E+03  0.7974377E+03  0.6898392E+00
         392  0.8446169E+01  0.1733300E+04  0.5101543E+03  0.8058985E+03  0.6898392E+00
         393  0.7288572E+02  0.1725800E+04  0.5150573E+03  0.8144362E+03  0.6898392E+00
         394 -0.1725974E+01  0.1718800E+04  0.5199815E+03  0.8230605E+03  0.6898392E+00
         395  0.8265840E+02  0.1712200E+04  0.5249465E+03  0.8317498E+03  0.6898392E+00
         396  0.9267797E+02  0.1706000E+04  0.5299688E+03  0.8405270E+03  0.6898392E+00
         397 -0.8197851E+02  0.1700200E+04  0.5350079E+03  0.8493763E+03  0.6898392E+00
         398  0.1066510E+03  0.1694800E+04  0.5401130E+03  0.8583091E+03  0.6898392E+00
         399 -0.5090411E+02  0.1689800E+04  0.5452409E+03  0.8673408E+03  0.6898392E+00
         400 -0.1640182E+02  0.1685300E+04  0.5504185E+03  0.8764348E+03  0.6898392E+00
         401  0.2618587E+02  0.1681100E+04  0.5556459E+03  0.8856267E+03  0.6898392E+00
         402 -0.2376848E+02  0.1677400E+04  0.5609136E+03  0.8949114E+03  0.6898392E+00
         403 -0.2746200E+02  0.1674000E+04  0.5662149E+03  0.9042580E+03  0.6898392E+00
         404  0.6124087E+01  0.1671100E+04  0.5715728E+03  0.9137062E+03  0.6898392E+00
         405  0.1345849E+02  0.1668500E+04  0.5769642E+03  0.9232318E+03  0.6898392E+00
         406 -0.1035597E+03  0.1666300E+04  0.5824213E+03  0.9328333E+03  0.6898392E+00
         407 -0.8554964E+02  0.1664500E+04  0.5879120E+03  0.9425438E+03  0.6898392E+00
         408  0.8846078E+02  0.1663100E+04  0.5934489E+03  0.9523413E+03  0.6898392E+00
         409  0.8714198E+02  0.1662100E+04  0.5990294E+03  0.9622080E+03  0.6898392E+00
         410  0.4292996E+02  0.1661400E+04  0.6046501E+03  0.9721870E+03  0.6898392E+00
         411 -0.1170554E+03  0.1661100E+04  0.6103355E+03  0.9822502E+03  0.6898392E+00
         412  0.6673212E+02  0.1661200E+04  0.6160298E+03  0.9924042E+03  0.6898392E+00
         413  0.1912505E+02  0.1661600E+04  0.6218144E+03  0.1002645E+04  0.6898392E+00
         414 -0.1304867E+02  0.1662400E+04  0.6276389E+03  0.1012994E+04  0.6898392E+00
         415 -0.9019307E+01  0.1663500E+04  0.6334969E+03  0.1023424E+04  0.6898392E+00
         416 -0.4069553E+02  0.1665000E+04  0.6394204E+03  0.1033943E+04  0.6898392E+00
         417 -0.7560549E+02  0.1666900E+04  0.6453678E+03  0.1044570E+04  0.6898392E+00
         418 -0.1535210E+03  0.1669000E+04  0.6513807E+03  0.1055293E+04  0.6898392E+00
         419 -0.7939323E+02  0.1671500E+04  0.6574419E+03  0.1066100E+04  0.6898392E+00
         420 -0.8592808E+02  0.1674400E+04  0.6635428E+03  0.1077010E+04  0.6898392E+00
         421 -0.4190489E+02  0.1677500E+04  0.6697187E+03  0.1088034E+04  0.6898392E+00
         422 -0.3135174E+02  0.1681000E+04  0.6759185E+03  0.1099138E+04  0.6898392E+00
         423 -0.1635392E+03  0.1684800E+04  0.6821676E+03  0.1110355E+04  0.6898392E+00
         424  0.4858206E+01  0.1688900E+04  0.6884966E+03  0.1121666E+04  0.6898392E+00
         425 -0.3294587E+02  0.1693200E+04  0.6948445E+03  0.1133072E+04  0.6898392E+00
         426 -0.8960231E+02  0.1697900E+04  0.7012722E+03  0.1144597E+04  0.6898392E+00
         427 -0.1664613E+03  0.1702800E+04  0.7077381E+03  0.1156217E+04  0.6898392E+00
         428  0.1017979E+03  0.1708000E+04  0.7142388E+03  0.1167951E+04  0.6898392E+00
         429 -0.1503556E+03  0.1713500E+04  0.7208289E+03  0.1179778E+04  0.6898392E+00
         430 -0.1422649E+03  0.1719300E+04  0.7274683E+03  0.1191716E+04  0.6898392E+00
         431 -0.8449133E+02  0.1725300E+04  0.7341313E+03  0.1203759E+04  0.6898392E+00
         432  0.5883373E+02  0.1731600E+04  0.7408837E+03  0.1215921E+04  0.6898392E+00
         433 -0.2490418E+03  0.1738100E+04  0.7476752E+03  0.1228177E+04  0.6898392E+00
         434 -0.8463521E+02  0.1744800E+04  0.7545261E+03  0.1240561E+04  0.6898392E+00
         435 -0.4846824E+02  0.1751800E+04  0.7614304E+03  0.1253038E+04  0.6898392E+00
         436 -0.1594198E+03  0.1759000E+04  0.7683837E+03  0.1265650E+04  0.6898392E+00
         437 -0.3418918E+02  0.1766500E+04  0.7754222E+03  0.1278361E+04  0.6898392E+00
         438 -0.1011531E+03  0.1774100E+04  0.7824882E+03  0.1291196E+04  0.6898392E+00
         439  0.6892500E+02  0.1782000E+04  0.7896289E+03  0.1304133E+04  0.6898392E+00
         440 -0.2593926E+03  0.1790000E+04  0.7968071E+03  0.1317188E+04  0.6898392E+00
         441  0.1193008E+03  0.1798300E+04  0.8040602E+03  0.1330369E+04  0.6898392E+00
         442 -0.1069513E+03  0.1806800E+04  0.8113624E+03  0.1343675E+04  0.6898392E+00
         443 -0.1270666E+03  0.1815400E+04  0.8187534E+03  0.1357107E+04  0.6898392E+00
         444 -0.6260383E+02  0.1824200E+04  0.8261678E+03  0.1370637E+04  0.6898392E+00
         445 -0.1070154E+02  0.1833200E+04  0.8336813E+03  0.1384304E+04  0.6898392E+00
         446 -0.6783624E+02  0.1842300E+04  0.8412335E+03  0.1398084E+04  0.6898392E+00
         447 -0.1713444E+03  0.1851600E+04  0.8488484E+03  0.1412001E+04  0.6898392E+00
         448  0.1066586E+03  0.1861000E+04  0.8565519E+03  0.1426035E+04  0.6898392E+00
         449 -0.2494063E+02  0.1870600E+04  0.8642650E+03  0.1440188E+04  0.6898392E+00
         450 -0.2107469E+03  0.1880300E+04  0.8720801E+03  0.1454480E+04  0.6898392E+00
         451  0.1084823E+02  0.1890100E+04  0.8799443E+03  0.1468917E+04  0.6898392E+00
         452 -0.8870647E+02  0.1900000E+04  0.8878938E+03  0.1483467E+04  0.6898392E+00
         453 -0.1539580E+03  0.1910100E+04  0.8959088E+03  0.1498139E+04  0.6898392E+00
         454 -0.2552723E+03  0.1920200E+04  0.9039835E+03  0.1512957E+04  0.6898392E+00
         455 -0.1363519E+03  0.1930500E+04  0.9120963E+03  0.1527896E+04  0.6898392E+00
         456 -0.8582809E+02  0.1940800E+04  0.9203080E+03  0.1542982E+04  0.6898392E+00
         457 -0.3312437E+03  0.1951200E+04  0.9285713E+03  0.1558202E+04  0.6898392E+00
         458  0.1744600E+02  0.1961700E+04  0.9369200E+03  0.1573550E+04  0.6898392E+00
         459 -0.4707359E+02  0.1972300E+04  0.9453444E+03  0.1589049E+04  0.6898392E+00
         460  0.3964857E+02  0.1982900E+04  0.9538175E+03  0.1604661E+04  0.6898392E+00
         461 -0.9776915E+02  0.1993500E+04  0.9623652E+03  0.1620448E+04  0.6898392E+00
         462 -0.5803431E+02  0.2004200E+04  0.9709993E+03  0.1636340E+04  0.6898392E+00
         463  0.1475375E+02  0.2015000E+04  0.9796712E+03  0.1652401E+04  0.6898392E+00
         464  0.1928345E+01  0.2025800E+04  0.9884419E+03  0.1668604E+04  0.6898392E+00
         465 -0.2010545E+03  0.2036600E+04  0.9972891E+03  0.1684954E+04  0.6898392E+00
         466 -0.1925485E+03  0.2047400E+04  0.1006209E+04  0.1701441E+04  0.6898392E+00
         467 -0.1121308E+03  0.2058200E+04  0.1015178E+04  0.1718077E+04  0.6898392E+00
         468 -0.8331481E+02  0.2069000E+04  0.1024259E+04  0.1734858E+04  0.6898392E+00
         469 -0.2110322E+03  0.2079900E+04  0.1033377E+04  0.1751786E+04  0.6898392E+00
         470 -0.9571740E+01  0.2090700E+04  0.1042607E+04  0.1768878E+04  0.6898392E+00
         471  0.3521368E+02  0.2101500E+04  0.1051911E+04  0.1786103E+04  0.6898392E+00
         472 -0.1765829E+02  0.2112300E+04  0.1061276E+04  0.1803506E+04  0.6898392E+00
         473  0.5361964E+01  0.2123100E+04  0.1070703E+04  0.1821036E+04  0.6898392E+00
         474  0.1403911E+02  0.2133800E+04  0.1080242E+04  0.1838734E+04  0.6898392E+00
         475  0.1135180E+03  0.2144500E+04  0.1089844E+04  0.1856606E+04  0.6898392E+00
         476 -0.9957330E+02  0.2155200E+04  0.1099517E+04  0.1874602E+04  0.6898392E+00
         477 -0.4752752E+02  0.2165800E+04  0.1109291E+04  0.1892777E+04  0.6898392E+00
         478 -0.7899440E+02  0.2176300E+04  0.1119151E+04  0.1911118E+04  0.6898392E+00
         479 -0.1684322E+03  0.2186800E+04  0.1129084E+04  0.1929609E+04  0.6898392E+00
         480 -0.3040035E+03  0.2197200E+04  0.1139105E+04  0.1948258E+04  0.6898392E+00
         481  0.6165508E+02  0.2207600E+04  0.1149186E+04  0.1967077E+04  0.6898392E+00
         482 -0.1749209E+03  0.2217800E+04  0.1159365E+04  0.1986060E+04  0.6898392E+00
         483  0.1021770E+02  0.2228000E+04  0.1169620E+04  0.2005224E+04  0.6898392E+00
         484  0.1538316E+03  0.2238100E+04  0.1179985E+04  0.2024537E+04  0.6898392E+00
         485 -0.1938772E+03  0.2248100E+04  0.1190423E+04  0.2044009E+04  0.6898392E+00
         486 -0.1931162E+03  0.2258000E+04  0.1200947E+04  0.2063676E+04  0.6898392E+00
         487  0.3236624E+03  0.2267800E+04  0.1211558E+04  0.2083506E+04  0.6898392E+00
         488  0.1771839E+02  0.2277500E+04  0.1222241E+04  0.2103512E+04  0.6898392E+00
         489 -0.8496467E+02  0.2287000E+04  0.1233023E+04  0.2123691E+04  0.6898392E+00
         490 -0.5895928E+02  0.2296500E+04  0.1243929E+04  0.2144020E+04  0.6898392E+00
         491 -0.4547199E+02  0.2305800E+04  0.1254857E+04  0.2164558E+04  0.6898392E+00
         492 -0.7017096E+01  0.2314900E+04  0.1265933E+04  0.2185243E+04  0.6898392E+00
         493 -0.2827674E+03  0.2323900E+04  0.1277083E+04  0.2206133E+04  0.6898392E+00
         494 -0.2138772E+02  0.2332800E+04  0.1288318E+04  0.2227184E+04  0.6898392E+00
         495 -0.2809966E+02  0.2341500E+04  0.1299639E+04  0.2248439E+04  0.6898392E+00
         496  0.1001603E+03  0.2350100E+04  0.1311057E+04  0.2269863E+04  0.6898392E+00
         497 -0.1712654E+03  0.2358600E+04  0.1322585E+04  0.2291482E+04  0.6898392E+00
         498 -0.1524276E+03  0.2366800E+04  0.1334199E+04  0.2313257E+04  0.6898392E+00
         499 -0.7616022E+02  0.2374900E+04  0.1345911E+04  0.2335264E+04  0.6898392E+00
         500  0.1579153E+03  0.2382900E+04  0.1357694E+04  0.2357409E+04  0.6898392E+00
         501 -0.5154607E+02  0.2390700E+04  0.1126750E+04  0.2379792E+04  0.6432783E+00
         502 -0.3709377E+02  0.2398300E+04  0.1136617E+04  0.2402329E+04  0.6432783E+00
         503  0.6061487E+02  0.2405700E+04  0.1146568E+04  0.2425075E+04  0.6432783E+00
         504 -0.3239991E+03  0.2413000E+04  0.1156604E+04  0.2447985E+04  0.6432783E+00
         505 -0.4569288E+02  0.2420000E+04  0.1166701E+04  0.2471122E+04  0.6432783E+00
         506 -0.6687052E+02  0.2426900E+04  0.1176895E+04  0.2494448E+04  0.6432783E+00
         507 -0.2041262E+03  0.2433600E+04  0.1187148E+04  0.2517962E+04  0.6432783E+00
         508 -0.9816599E+02  0.2440100E+04  0.1197524E+04  0.2541699E+04  0.6432783E+00
         509 -0.3259004E+03  0.2446400E+04  0.1207960E+04  0.2565588E+04  0.6432783E+00
         510 -0.8281480E+02  0.2452400E+04  0.1218455E+04  0.2589722E+04  0.6432783E+00
         511 -0.9786613E+02  0.2458300E+04  0.1229047E+04  0.2614046E+04  0.6432783E+00
         512 -0.1318695E+03  0.2464000E+04  0.1239737E+04  0.2638545E+04  0.6432783E+00
         513  0.2287256E+03  0.2469400E+04  0.1250523E+04  0.2663287E+04  0.6432783E+00
         514 -0.2465198E+03  0.2474700E+04  0.1261394E+04  0.2688207E+04  0.6432783E+00
         515 -0.1447252E+03  0.2479700E+04  0.1272324E+04  0.2713352E+04  0.6432783E+00
         516  0.1967099E+03  0.2484500E+04  0.1283350E+04  0.2738678E+04  0.6432783E+00
         517 -0.8528645E+02  0.2489100E+04  0.1294448E+04  0.2764259E+04  0.6432783E+00
         518  0.4988482E+02  0.2493400E+04  0.1305668E+04  0.2790000E+04  0.6432783E+00
         519 -0.6947207E+02  0.2497500E+04  0.1316947E+04  0.2815997E+04  0.6432783E+00
         520  0.2114726E+03  0.2501400E+04  0.1328334E+04  0.2842159E+04  0.6432783E+00
         521  0.5861081E+02  0.2505100E+04  0.1339803E+04  0.2868593E+04  0.6432783E+00
         522  0.1286669E+02  0.2508500E+04  0.1351359E+04  0.2895194E+04  0.6432783E+00
         523 -0.1173949E+03  0.2511700E+04  0.1363009E+04  0.2922053E+04  0.6432783E+00
         524 -0.8858380E+02  0.2514700E+04  0.1374755E+04  0.2949104E+04  0.6432783E+00
         525 -0.1086465E+03  0.2517500E+04  0.1386584E+04  0.2976375E+04  0.6432783E+00
         526 -0.2048696E+03  0.2520000E+04  0.1398498E+04  0.3003866E+04  0.6432783E+00
         527 -0.2752146E+03  0.2522300E+04  0.1410506E+04  0.3031567E+04  0.6432783E+00
         528  0.3037375E+03  0.2524400E+04  0.1422622E+04  0.3059522E+04  0.6432783E+00
         529  0.2527038E+02  0.2526300E+04  0.1434822E+04  0.3087694E+04  0.6432783E+00
         530 -0.1624925E+03  0.2527900E+04  0.1447091E+04  0.3116082E+04  0.6432783E+00
         531 -0.3252430E+02  0.2529300E+04  0.1459493E+04  0.3144712E+04  0.6432783E+00
         532 -0.1306279E+03  0.2530400E+04  0.1471990E+04  0.3173554E+04  0.6432783E+00
         533  0.3779966E+02  0.2531300E+04  0.1484559E+04  0.3202632E+04  0.6432783E+00
         534  0.1199768E+03  0.2532000E+04  0.1497234E+04  0.3231920E+04  0.6432783E+00
         535 -0.1589689E+03  0.2532500E+04  0.1510001E+04  0.3261462E+04  0.6432783E+00
         536 -0.3653711E+02  0.2532700E+04  0.1522891E+04  0.3291226E+04  0.6432783E+00
         537  0.4035046E+03  0.2532700E+04  0.1535849E+04  0.3321249E+04  0.6432783E+00
         538 -0.1241043E+03  0.2532500E+04  0.1548926E+04  0.3351504E+04  0.6432783E+00
         539  0.1232133E+03  0.2532000E+04  0.1562061E+04  0.3381965E+04  0.6432783E+00
         540 -0.7739078E+02  0.2531300E+04  0.1575340E+04  0.3412703E+04  0.6432783E+00
         541 -0.8991544E+02  0.2530300E+04  0.1588725E+04  0.3443646E+04  0.6432783E+00
         542 -0.1963807E+03  0.2529200E+04  0.1602190E+04  0.3474849E+04  0.6432783E+00
         543  0.8296540E+02  0.2527700E+04  0.1615751E+04  0.3506296E+04  0.6432783E+00
         544 -0.2606363E+03  0.2526100E+04  0.1629442E+04  0.3537989E+04  0.6432783E+00
         545  0.8253250E+02  0.2524300E+04  0.1643214E+04  0.3569921E+04  0.6432783E+00
         546  0.5548322E+02  0.2522200E+04  0.1657103E+04  0.3602113E+04  0.6432783E+00
         547 -0.3145383E+03  0.2519900E+04  0.1671101E+04  0.3634530E+04  0.6432783E+00
         548 -0.4058799E+03  0.2517300E+04  0.1685201E+04  0.3667222E+04  0.6432783E+00
         549  0.2583864E+03  0.2514600E+04  0.1699418E+04  0.3700164E+04  0.6432783E+00
         550  0.8937611E+02  0.2511700E+04  0.1713731E+04  0.3733365E+04  0.6432783E+00
         551  0.2001519E+03  0.2508500E+04  0.1728158E+04  0.3766803E+04  0.6432783E+00
         552 -0.3939114E+03  0.2505100E+04  0.1742707E+04  0.3800511E+04  0.6432783E+00
         553 -0.3800329E+03  0.2501500E+04  0.1757357E+04  0.3834494E+04  0.6432783E+00
         554 -0.1349810E+03  0.2497700E+04  0.1772098E+04  0.3868701E+04  0.6432783E+00
         555  0.8622144E+02  0.2493800E+04  0.1786972E+04  0.3903228E+04  0.6432783E+00
         556 -0.4216529E+02  0.2489600E+04  0.1801957E+04  0.3937975E+04  0.6432783E+00
         557 -0.1953708E+03  0.2485200E+04  0.1817064E+04  0.3973015E+04  0.6432783E+00
         558 -0.4293879E+01  0.2480600E+04  0.1832297E+04  0.4008311E+04  0.6432783E+00
         559  0.8262327E+02  0.2475800E+04  0.1847620E+04  0.4043884E+04  0.6432783E+00
         560  0.1379178E+03  0.2470800E+04  0.1863076E+04  0.4079717E+04  0.6432783E+00
         561  0.1001536E+03  0.2465600E+04  0.1878641E+04  0.4115850E+04  0.6432783E+00
         562 -0.7775734E+02  0.2460300E+04  0.1894323E+04  0.4152261E+04  0.6432783E+00
         563 -0.2842616E+03  0.2454700E+04  0.1910161E+04  0.4188920E+04  0.6432783E+00
         564 -0.1046761E+02  0.2449000E+04  0.1926099E+04  0.4225936E+04  0.6432783E+00
         565  0.5348618E+03  0.2443100E+04  0.1942152E+04  0.4263186E+04  0.6432783E+00
         566 -0.1792080E+03  0.2437000E+04  0.1958330E+04  0.4300694E+04  0.6432783E+00
         567 -0.2116099E+03  0.2430700E+04  0.1974648E+04  0.4338586E+04  0.6432783E+00
         568  0.1447896E+03  0.2424300E+04  0.1991066E+04  0.4376701E+04  0.6432783E+00
         569 -0.1629110E+03  0.2417600E+04  0.2007649E+04  0.4415124E+04  0.6432783E+00
         570  0.2589200E+01  0.2410900E+04  0.2024331E+04  0.4453830E+04  0.6432783E+00
         571 -0.3171628E+03  0.2404000E+04  0.2041178E+04  0.4492919E+04  0.6432783E+00
         572  0.4535286E+02  0.2396900E+04  0.2058124E+04  0.4532226E+04  0.6432783E+00
         573 -0.1032354E+03  0.2389700E+04  0.2075208E+04  0.4571866E+04  0.6432783E+00
         574  0.9289352E+02  0.2382300E+04  0.2092442E+04  0.4611864E+04  0.6432783E+00
         575 -0.3290364E+03  0.2374800E+04  0.2109799E+04  0.4652125E+04  0.6432783E+00
         576  0.8927338E+02  0.2367100E+04  0.2127304E+04  0.4692710E+04  0.6432783E+00
         577 -0.2824539E+03  0.2359400E+04  0.2144923E+04  0.4733587E+04  0.6432783E+00
         578  0.2404560E+03  0.2351500E+04  0.2162715E+04  0.4774808E+04  0.6432783E+00
         579  0.3227169E+02  0.2343400E+04  0.2180614E+04  0.4816502E+04  0.6432783E+00
         580 -0.1233008E+03  0.2335300E+04  0.2198650E+04  0.4858365E+04  0.6432783E+00
         581 -0.3136911E+02  0.2327100E+04  0.2216860E+04  0.4900610E+04  0.6432783E+00
         582  0.6874361E+02  0.2318700E+04  0.2235191E+04  0.4943022E+04  0.6432783E+00
         583 -0.4078604E+02  0.2310200E+04  0.2253694E+04  0.4985889E+04  0.6432783E+00
         584  0.5161858E+02  0.2301700E+04  0.2272328E+04  0.5029152E+04  0.6432783E+00
         585  0.4101343E+02  0.2293000E+04  0.2291117E+04  0.5072787E+04  0.6432783E+00
         586  0.1760108E+03  0.2284300E+04  0.2310043E+04  0.5116829E+04  0.6432783E+00
         587  0.9687754E+02  0.2275500E+04  0.2329116E+04  0.5161040E+04  0.6432783E+00
         588  0.2207585E+03  0.2266500E+04  0.2348343E+04  0.5205702E+04  0.6432783E+00
         589  0.1763842E+03  0.2257500E+04  0.2367741E+04  0.5250751E+04  0.6432783E+00
         590  0.2657124E+02  0.2248500E+04  0.2387268E+04  0.5295988E+04  0.6432783E+00
         591  0.1974383E+03  0.2239400E+04  0.2406991E+04  0.5341678E+04  0.6432783E+00
         592  0.5154637E+03  0.2230200E+04  0.2426825E+04  0.5387897E+04  0.6432783E+00
         593  0.9571555E+02  0.2220900E+04  0.2446854E+04  0.5434307E+04  0.6432783E+00
         594 -0.2142804E+03  0.2211600E+04  0.2467011E+04  0.5481046E+04  0.6432783E+00
         595 -0.6866518E+02  0.2202200E+04  0.2487355E+04  0.5528493E+04  0.6432783E+00
         596  0.3666120E+03  0.2192800E+04  0.2507860E+04  0.5575958E+04  0.6432783E+00
         597  0.2115668E+03  0.2183400E+04  0.2528516E+04  0.5623995E+04  0.6432783E+00
         598  0.1080726E+03  0.2173900E+04  0.2549358E+04  0.5672334E+04  0.6432783E+00
         599  0.2953141E+03  0.2164400E+04  0.2570344E+04  0.5721088E+04  0.6432783E+00
         600  0.3064622E+02  0.2154900E+04  0.2591506E+04  0.5770398E+04  0.6432783E+00
         601 -0.6625778E+02  0.2145300E+04  0.2612845E+04  0.5819870E+04  0.6432783E+00
         602  0.3792394E+03  0.2135700E+04  0.2634342E+04  0.5869669E+04  0.6432783E+00
         603  0.2846303E+03  0.2126100E+04  0.2656033E+04  0.5920237E+04  0.6432783E+00
         604 -0.7084093E+02  0.2116500E+04  0.2677890E+04  0.5970911E+04  0.6432783E+00
         605  0.8334900E+02  0.2106900E+04  0.2699922E+04  0.6022140E+04  0.6432783E+00
         606  0.4693198E+03  0.2097300E+04  0.2722104E+04  0.6073848E+04  0.6432783E+00
         607 -0.1938347E+03  0.2087700E+04  0.2744511E+04  0.6125783E+04  0.6432783E+00
         608  0.1511701E+03  0.2078100E+04  0.2767057E+04  0.6178367E+04  0.6432783E+00
         609 -0.7197696E+02  0.2068600E+04  0.2789828E+04  0.6230947E+04  0.6432783E+00
         610  0.1692897E+03  0.2059000E+04  0.2812748E+04  0.6284475E+04  0.6432783E+00
         611 -0.6609556E+02  0.2049500E+04  0.2835856E+04  0.6338205E+04  0.6432783E+00
         612  0.2222576E+03  0.2040000E+04  0.2859164E+04  0.6392383E+04  0.6432783E+00
         613  0.2558721E+03  0.2030500E+04  0.2882658E+04  0.6446987E+04  0.6432783E+00
         614  0.1561373E+03  0.2021100E+04  0.2906327E+04  0.6502034E+04  0.6432783E+00
         615  0.2228329E+03  0.2011700E+04  0.2930181E+04  0.6557567E+04  0.6432783E+00
         616 -0.3097289E+03  0.2002400E+04  0.2954266E+04  0.6613363E+04  0.6432783E+00
         617 -0.1723071E+03  0.1993100E+04  0.2978523E+04  0.6669723E+04  0.6432783E+00
         618 -0.4856907E+02  0.1983800E+04  0.3002974E+04  0.6726610E+04  0.6432783E+00
         619 -0.1417057E+03  0.1974700E+04  0.3027621E+04  0.6783894E+04  0.6432783E+00
         620  0.1978358E+03  0.1965600E+04  0.3052434E+04  0.6841703E+04  0.6432783E+00
         621 -0.5215938E+03  0.1956500E+04  0.3077476E+04  0.6899845E+04  0.6432783E+00
         622  0.1390300E+03  0.1947500E+04  0.3102747E+04  0.6958823E+04  0.6432783E+00
         623 -0.3312538E+03  0.1938600E+04  0.3128201E+04  0.7017921E+04  0.6432783E+00
         624 -0.1627158E+03  0.1929800E+04  0.3153840E+04  0.7077540E+04  0.6432783E+00
         625  0.8465311E+02  0.1921100E+04  0.3179686E+04  0.7137744E+04  0.6432783E+00
         626 -0.3145841E+03  0.1912400E+04  0.3205766E+04  0.7198310E+04  0.6432783E+00
         627  0.4543546E+02  0.1903800E+04  0.3232054E+04  0.7259432E+04  0.6432783E+00
         628 -0.1257362E+03  0.1895400E+04  0.3258523E+04  0.7320917E+04  0.6432783E+00
         629  0.4971152E+02  0.1887000E+04  0.3285225E+04  0.7382941E+04  0.6432783E+00
         630 -0.5674888E+03  0.1878700E+04  0.3312140E+04  0.7445525E+04  0.6432783E+00
         631 -0.2859062E+03  0.1870600E+04  0.3339263E+04  0.7508738E+04  0.6432783E+00
         632 -0.1126472E+03  0.1862500E+04  0.3366615E+04  0.7572232E+04  0.6432783E+00
         633  0.3308435E+03  0.1854600E+04  0.3394180E+04  0.7636350E+04  0.6432783E+00
         634 -0.4273919E+03  0.1846800E+04  0.3421956E+04  0.7701022E+04  0.6432783E+00
         635 -0.6002780E+03  0.1839100E+04  0.3449968E+04  0.7766048E+04  0.6432783E+00
         636 -0.5800905E+03  0.1831500E+04  0.3478209E+04  0.7831621E+04  0.6432783E+00
         637 -0.3447481E+03  0.1824100E+04  0.3506641E+04  0.7898019E+04  0.6432783E+00
         638  0.4342827E+03  0.1816800E+04  0.3535327E+04  0.7964767E+04  0.6432783E+00
         639  0.1605031E+03  0.1809600E+04  0.3564280E+04  0.8031646E+04  0.6432783E+00
         640 -0.8515731E+02  0.1802600E+04  0.3593416E+04  0.8099763E+04  0.6432783E+00
         641 -0.2735264E+03  0.1795800E+04  0.3622790E+04  0.8167807E+04  0.6432783E+00
         642 -0.2665135E+03  0.1789000E+04  0.3652419E+04  0.8236818E+04  0.6432783E+00
         643 -0.6703804E+02  0.1782500E+04  0.3682264E+04  0.8306230E+04  0.6432783E+00
         644  0.2890485E+03  0.1776000E+04  0.3712363E+04  0.8375988E+04  0.6432783E+00
         645 -0.1472652E+03  0.1769800E+04  0.3742680E+04  0.8446546E+04  0.6432783E+00
         646  0.5101556E+03  0.1763700E+04  0.3773263E+04  0.8517462E+04  0.6432783E+00
         647  0.7410739E+03  0.1757700E+04  0.3804077E+04  0.8589180E+04  0.6432783E+00
         648  0.2132610E+03  0.1751900E+04  0.3835128E+04  0.8661512E+04  0.6432783E+00
         649 -0.3052087E+03  0.1746300E+04  0.3866465E+04  0.8733965E+04  0.6432783E+00
         650  0.1121971E+03  0.1740800E+04  0.3898023E+04  0.8807654E+04  0.6432783E+00
         651 -0.5383916E+03  0.1735500E+04  0.3929834E+04  0.8881256E+04  0.6432783E+00
         652 -0.1020955E+02  0.1730400E+04  0.3961923E+04  0.8955886E+04  0.6432783E+00
         653  0.1213004E+03  0.1725400E+04  0.3994250E+04  0.9030899E+04  0.6432783E+00
         654 -0.1523629E+03  0.1720700E+04  0.4026849E+04  0.9106726E+04  0.6432783E+00
         655 -0.3962276E+02  0.1716000E+04  0.4059633E+04  0.9182936E+04  0.6432783E+00
         656  0.4813622E+02  0.1711600E+04  0.4092738E+04  0.9259909E+04  0.6432783E+00
         657  0.2189701E+03  0.1707400E+04  0.4126128E+04  0.9337311E+04  0.6432783E+00
         658 -0.2275842E+03  0.1703300E+04  0.4159771E+04  0.9415474E+04  0.6432783E+00
         659  0.1868529E+03  0.1699400E+04  0.4193663E+04  0.9494016E+04  0.6432783E+00
         660 -0.3978872E+03  0.1695700E+04  0.4227804E+04  0.9573633E+04  0.6432783E+00
         661 -0.4917754E+03  0.1692200E+04  0.4262217E+04  0.9653569E+04  0.6432783E+00
         662 -0.1345039E+03  0.1688900E+04  0.4296936E+04  0.9734108E+04  0.6432783E+00
         663  0.3397292E+03  0.1685700E+04  0.4331925E+04  0.9815281E+04  0.6432783E+00
         664 -0.2506323E+03  0.1682800E+04  0.4367195E+04  0.9897476E+04  0.6432783E+00
         665  0.1723330E+03  0.1680100E+04  0.4402757E+04  0.9979826E+04  0.6432783E+00
         666 -0.1205764E+03  0.1677500E+04  0.4438566E+04  0.1006300E+05  0.6432783E+00
         667 -0.1400545E+03  0.1675200E+04  0.4474644E+04  0.1014695E+05  0.6432783E+00
         668 -0.2442608E+03  0.1673000E+04  0.4511044E+04  0.1023133E+05  0.6432783E+00
         669 -0.1307550E+03  0.1671100E+04  0.4547767E+04  0.1031650E+05  0.6432783E+00
         670 -0.4529862E+03  0.1669300E+04  0.4584678E+04  0.1040232E+05  0.6432783E+00
         671 -0.3532614E+03  0.1667800E+04  0.4621987E+04  0.1048893E+05  0.6432783E+00
         672 -0.5479891E+03  0.1666400E+04  0.4659485E+04  0.1057613E+05  0.6432783E+00
         673 -0.1086686E+03  0.1665200E+04  0.4697348E+04  0.1066394E+05  0.6432783E+00
         674 -0.1789144E+03  0.1664200E+04  0.4735503E+04  0.1075260E+05  0.6432783E+00
         675  0.1746635E+03  0.1663500E+04  0.4773947E+04  0.1084206E+05  0.6432783E+00
         676  0.2627427E+03  0.1662900E+04  0.4812705E+04  0.1093186E+05  0.6432783E+00
         677 -0.3081598E+03  0.1662500E+04  0.4851750E+04  0.1102257E+05  0.6432783E+00
         678 -0.3864263E+02  0.1662300E+04  0.4891055E+04  0.1111406E+05  0.6432783E+00
         679 -0.5543482E+03  0.1662300E+04  0.4930842E+04  0.1120593E+05  0.6432783E+00
         680 -0.8456804E+03  0.1662400E+04  0.4970677E+04  0.1129864E+05  0.6432783E+00
         681  0.3069229E+03  0.1662800E+04  0.5011077E+04  0.1139221E+05  0.6432783E+00
         682  0.5190292E+03  0.1663400E+04  0.5051646E+04  0.1148655E+05  0.6432783E+00
         683 -0.7016852E+03  0.1664100E+04  0.5092569E+04  0.1158155E+05  0.6432783E+00
         684  0.7697598E+03  0.1665100E+04  0.5133660E+04  0.1167736E+05  0.6432783E+00
         685  0.4788647E+02  0.1666200E+04  0.5175311E+04  0.1177375E+05  0.6432783E+00
         686  0.5320409E+02  0.1667600E+04  0.5217104E+04  0.1187100E+05  0.6432783E+00
         687  0.4152813E+03  0.1669100E+04  0.5259222E+04  0.1196906E+05  0.6432783E+00
         688 -0.6866174E+03  0.1670800E+04  0.5301738E+04  0.1206773E+05  0.6432783E+00
         689 -0.4139217E+03  0.1672700E+04  0.5344646E+04  0.1216726E+05  0.6432783E+00
         690 -0.3580238E+03  0.1674800E+04  0.5387927E+04  0.1226731E+05  0.6432783E+00
         691 -0.2452584E+03  0.1677100E+04  0.5431275E+04  0.1236826E+05  0.6432783E+00
         692  0.3196346E+03  0.1679500E+04  0.5475062E+04  0.1247003E+05  0.6432783E+00
         693  0.2891201E+03  0.1682200E+04  0.5519170E+04  0.1257242E+05  0.6432783E+00
         694 -0.6091780E+03  0.1685000E+04  0.5563689E+04  0.1267584E+05  0.6432783E+00
         695 -0.4612050E+03  0.1688000E+04  0.5608552E+04  0.1277986E+05  0.6432783E+00
         696 -0.1064807E+04  0.1691200E+04  0.5653777E+04  0.1288471E+05  0.6432783E+00
         697  0.2039953E+03  0.1694500E+04  0.5699364E+04  0.1299040E+05  0.6432783E+00
         698  0.3941815E+03  0.1698000E+04  0.5745110E+04  0.1309666E+05  0.6432783E+00
         699 -0.4702888E+03  0.1701700E+04  0.5791215E+04  0.1320423E+05  0.6432783E+00
         700  0.3141579E+03  0.1705600E+04  0.5837931E+04  0.1331214E+05  0.6432783E+00
         701 -0.6167527E+03  0.1709600E+04  0.5884777E+04  0.1342093E+05  0.6432783E+00
         702  0.2182453E+03  0.1713800E+04  0.5932007E+04  0.1353047E+05  0.6432783E+00
         703 -0.2340531E+03  0.1718100E+04  0.5979632E+04  0.1364110E+05  0.6432783E+00
         704  0.2813992E+03  0.1722600E+04  0.6027569E+04  0.1375233E+05  0.6432783E+00
         705  0.1706784E+03  0.1727200E+04  0.6075885E+04  0.1386436E+05  0.6432783E+00
         706  0.6112859E+02  0.1732000E+04  0.6124619E+04  0.1397726E+05  0.6432783E+00
         707 -0.4702922E+03  0.1736900E+04  0.6173676E+04  0.1409120E+05  0.6432783E+00
         708  0.4867401E+03  0.1742000E+04  0.6223136E+04  0.1420568E+05  0.6432783E+00
         709  0.1065245E+03  0.1747200E+04  0.6272720E+04  0.1432104E+05  0.6432783E+00
         710 -0.6826859E+03  0.1752600E+04  0.6322940E+04  0.1443719E+05  0.6432783E+00
         711 -0.3004811E+03  0.1758100E+04  0.6373466E+04  0.1455438E+05  0.6432783E+00
         712  0.8200546E+02  0.1763700E+04  0.6424401E+04  0.1467241E+05  0.6432783E+00
         713  0.2423364E+03  0.1769500E+04  0.6475497E+04  0.1479123E+05  0.6432783E+00
         714 -0.4004025E+03  0.1775400E+04  0.6527183E+04  0.1491116E+05  0.6432783E+00
         715  0.5810427E+03  0.1781400E+04  0.6579208E+04  0.1503163E+05  0.6432783E+00
         716  0.5725424E+03  0.1787500E+04  0.6631638E+04  0.1515294E+05  0.6432783E+00
         717 -0.6675931E+03  0.1793800E+04  0.6684320E+04  0.1527549E+05  0.6432783E+00
         718  0.1894817E+03  0.1800200E+04  0.6737536E+04  0.1539836E+05  0.6432783E+00
         719  0.1053770E+03  0.1806700E+04  0.6791076E+04  0.1552259E+05  0.6432783E+00
         720  0.5863920E+03  0.1813300E+04  0.6845113E+04  0.1564756E+05  0.6432783E+00
         721 -0.3524892E+03  0.1820000E+04  0.6899470E+04  0.1577367E+05  0.6432783E+00
         722 -0.9151486E+03  0.1826800E+04  0.6954035E+04  0.1590000E+05  0.6432783E+00
         723  0.1108872E+04  0.1833800E+04  0.7009421E+04  0.1602789E+05  0.6432783E+00
         724 -0.2165990E+03  0.1840800E+04  0.7064833E+04  0.1615639E+05  0.6432783E+00
         725  0.2070539E+02  0.1847900E+04  0.7120735E+04  0.1628615E+05  0.6432783E+00
         726  0.4864609E+03  0.1855100E+04  0.7176988E+04  0.1641646E+05  0.6432783E+00
         727  0.1832602E+03  0.1862300E+04  0.7233726E+04  0.1654807E+05  0.6432783E+00
         728 -0.4011901E+02  0.1869700E+04  0.7290698E+04  0.1668023E+05  0.6432783E+00
         729 -0.1047420E+04  0.1877100E+04  0.7348447E+04  0.1681344E+05  0.6432783E+00
         730  0.6372493E+02  0.1884700E+04  0.7406247E+04  0.1694767E+05  0.6432783E+00
         731 -0.4934164E+03  0.1892200E+04  0.7464822E+04  0.1708293E+05  0.6432783E+00
         732  0.2113635E+03  0.1899900E+04  0.7523479E+04  0.1721892E+05  0.6432783E+00
         733 -0.8281876E+03  0.1907600E+04  0.7582876E+04  0.1735607E+05  0.6432783E+00
         734 -0.5675748E+02  0.1915400E+04  0.7642437E+04  0.1749390E+05  0.6432783E+00
         735 -0.1151607E+04  0.1923200E+04  0.7702652E+04  0.1763332E+05  0.6432783E+00
         736 -0.7044654E+03  0.1931100E+04  0.7763055E+04  0.1777325E+05  0.6432783E+00
         737 -0.1058285E+04  0.1939100E+04  0.7824015E+04  0.1791419E+05  0.6432783E+00
         738  0.6079005E+02  0.1947100E+04  0.7885532E+04  0.1805619E+05  0.6432783E+00
         739 -0.4442736E+03  0.1955100E+04  0.7947194E+04  0.1819919E+05  0.6432783E+00
         740 -0.4011347E+03  0.1963200E+04  0.8009753E+04  0.1834324E+05  0.6432783E+00
         741 -0.4590078E+03  0.1971300E+04  0.8072242E+04  0.1848830E+05  0.6432783E+00
         742  0.8084817E+03  0.1979400E+04  0.8135284E+04  0.1863459E+05  0.6432783E+00
         743 -0.1088302E+04  0.1987600E+04  0.8199116E+04  0.1878140E+05  0.6432783E+00
         744  0.7696000E+03  0.1995700E+04  0.8263102E+04  0.1892975E+05  0.6432783E+00
         745  0.1822234E+03  0.2004000E+04  0.8327752E+04  0.1907879E+05  0.6432783E+00
         746 -0.9247332E+03  0.2012200E+04  0.8392546E+04  0.1922918E+05  0.6432783E+00
         747  0.5004678E+03  0.2020400E+04  0.8458095E+04  0.1938050E+05  0.6432783E+00
         748  0.5815314E+03  0.2028600E+04  0.8524249E+04  0.1953313E+05  0.6432783E+00
         749  0.3538467E+03  0.2036900E+04  0.8590628E+04  0.1968645E+05  0.6432783E+00
         750 -0.8886890E+02  0.2045100E+04  0.8657460E+04  0.1984100E+05  0.6432783E+00
         751 -0.7155995E+02  0.2053300E+04  0.8724866E+04  0.1999689E+05  0.6432783E+00
         752 -0.6788110E+03  0.2061500E+04  0.8792718E+04  0.2015348E+05  0.6432783E+00
         753 -0.1518093E+03  0.2069700E+04  0.8861143E+04  0.2031125E+05  0.6432783E+00
         754  0.1235524E+03  0.2077900E+04  0.8930008E+04  0.2047023E+05  0.6432783E+00
         755  0.6936547E+00  0.2086000E+04  0.8999108E+04  0.2063024E+05  0.6432783E+00
         756 -0.5445172E+03  0.2094100E+04  0.9069004E+04  0.2079143E+05  0.6432783E+00
         757 -0.9424449E+03  0.2102200E+04  0.9139328E+04  0.2095382E+05  0.6432783E+00
         758  0.3540942E+03  0.2110200E+04  0.9210219E+04  0.2111725E+05  0.6432783E+00
         759 -0.3992181E+03  0.2118200E+04  0.9281361E+04  0.2128185E+05  0.6432783E+00
         760 -0.5386437E+03  0.2126200E+04  0.9353463E+04  0.2144764E+05  0.6432783E+00
         761  0.4678029E+01  0.2134100E+04  0.9425810E+04  0.2161462E+05  0.6432783E+00
         762  0.7918105E+03  0.2141900E+04  0.9498397E+04  0.2178278E+05  0.6432783E+00
         763  0.2392118E+03  0.2149700E+04  0.9571937E+04  0.2195232E+05  0.6432783E+00
         764 -0.3596498E+03  0.2157400E+04  0.9646060E+04  0.2212286E+05  0.6432783E+00
         765 -0.1107597E+04  0.2165000E+04  0.9720067E+04  0.2229456E+05  0.6432783E+00
         766 -0.5603956E+03  0.2172600E+04  0.9795393E+04  0.2246746E+05  0.6432783E+00
         767 -0.1390882E+03  0.2180100E+04  0.9870946E+04  0.2264136E+05  0.6432783E+00
         768 -0.6638923E+03  0.2187500E+04  0.9946917E+04  0.2281659E+05  0.6432783E+00
         769 -0.2247499E+03  0.2194800E+04  0.1002330E+05  0.2299355E+05  0.6432783E+00
         770  0.2255910E+02  0.2202000E+04  0.1010080E+05  0.2317112E+05  0.6432783E+00
         771 -0.5769006E+03  0.2209200E+04  0.1017819E+05  0.2335042E+05  0.6432783E+00
         772  0.7861562E+03  0.2216200E+04  0.1025652E+05  0.2353049E+05  0.6432783E+00
         773 -0.2512727E+03  0.2223200E+04  0.1033545E+05  0.2371191E+05  0.6432783E+00
         774 -0.1448194E+04  0.2230100E+04  0.1041477E+05  0.2389468E+05  0.6432783E+00
         775  0.2758680E+02  0.2236800E+04  0.1049450E+05  0.2407896E+05  0.6432783E+00
         776  0.9361312E+03  0.2243500E+04  0.1057500E+05  0.2426438E+05  0.6432783E+00
         777 -0.6890680E+03  0.2250000E+04  0.1065626E+05  0.2445115E+05  0.6432783E+00
         778 -0.1119733E+04  0.2256500E+04  0.1073792E+05  0.2463905E+05  0.6432783E+00
         779  0.5609273E+02  0.2262800E+04  0.1081997E+05  0.2482827E+05  0.6432783E+00
         780  0.4248774E+03  0.2269000E+04  0.1090281E+05  0.2501880E+05  0.6432783E+00
         781  0.2216767E+03  0.2275100E+04  0.1098620E+05  0.2521047E+05  0.6432783E+00
         782  0.1377057E+02  0.2281100E+04  0.1107018E+05  0.2540381E+05  0.6432783E+00
         783 -0.8899797E+03  0.2287000E+04  0.1115492E+05  0.2559806E+05  0.6432783E+00
         784 -0.3497677E+03  0.2292700E+04  0.1124004E+05  0.2579422E+05  0.6432783E+00
         785 -0.6062121E+02  0.2298300E+04  0.1132573E+05  0.2599141E+05  0.6432783E+00
         786 -0.6107078E+03  0.2303700E+04  0.1141200E+05  0.2618996E+05  0.6432783E+00
         787 -0.3071004E+03  0.2309000E+04  0.1149882E+05  0.2638986E+05  0.6432783E+00
         788 -0.1166764E+04  0.2314200E+04  0.1158640E+05  0.2659135E+05  0.6432783E+00
         789  0.6734742E+03  0.2319200E+04  0.1167492E+05  0.2679394E+05  0.6432783E+00
         790  0.5183837E+03  0.2324100E+04  0.1176364E+05  0.2699825E+05  0.6432783E+00
         791  0.1625484E+04  0.2328900E+04  0.1185289E+05  0.2720372E+05  0.6432783E+00
         792  0.7050616E+03  0.2333500E+04  0.1194289E+05  0.2741052E+05  0.6432783E+00
         793  0.2068374E+03  0.2337900E+04  0.1203365E+05  0.2761863E+05  0.6432783E+00
         794  0.1687350E+03  0.2342200E+04  0.1212495E+05  0.2782875E+05  0.6432783E+00
         795 -0.1106125E+04  0.2346300E+04  0.1221660E+05  0.2803944E+05  0.6432783E+00
         796 -0.2008614E+04  0.2350200E+04  0.1230900E+05  0.2825215E+05  0.6432783E+00
         797 -0.2346653E+03  0.2354000E+04  0.1240232E+05  0.2846612E+05  0.6432783E+00
         798 -0.1901766E+03  0.2357700E+04  0.1249599E+05  0.2868178E+05  0.6432783E+00
         799 -0.1940959E+03  0.2361100E+04  0.1259058E+05  0.2889846E+05  0.6432783E+00
         800  0.1013490E+04  0.2364400E+04  0.1268552E+05  0.2911694E+05  0.6432783E+00
