           2  0.7498300E+00  0.1234500E+04  0.9623565E-02  0.3420310E-01  0.6898392E+00
           3  0.1225820E+01  0.1132100E+04  0.1726636E-01  0.5033340E-01  0.6898392E+00
           4  0.1923530E+01  0.1042900E+04  0.2695547E-01  0.6878599E-01  0.6898392E+00
           5  0.5274803E+01  0.9751200E+03  0.3865802E-01  0.8954903E-01  0.6898392E+00
           6 -0.7879572E+01  0.9258700E+03  0.5235391E-01  0.1126082E+00  0.6898392E+00
           7  0.1539170E+01  0.8902400E+03  0.6802437E-01  0.1379592E+00  0.6898392E+00
           8  0.5514126E+01  0.8654700E+03  0.8566433E-01  0.1656001E+00  0.6898392E+00
           9 -0.2884556E+01  0.8497600E+03  0.1052635E+00  0.1955264E+00  0.6898392E+00
          10  0.2154804E+01  0.8399200E+03  0.1268142E+00  0.2277389E+00  0.6898392E+00
          11 -0.8024651E+00  0.8346600E+03  0.1503209E+00  0.2622407E+00  0.6898392E+00
          12 -0.4937981E+01  0.8333500E+03  0.1757772E+00  0.2990331E+00  0.6898392E+00
          13  0.7738963E+00  0.8351900E+03  0.2031868E+00  0.3381226E+00  0.6898392E+00
          14  0.1784198E+00  0.8393000E+03  0.2325493E+00  0.3795101E+00  0.6898392E+00
          15 -0.2223502E+01  0.8447700E+03  0.2638722E+00  0.4232099E+00  0.6898392E+00
          16  0.5617774E+01  0.8510000E+03  0.2971505E+00  0.4692287E+00  0.6898392E+00
          17  0.1875019E+01  0.8589300E+03  0.3323940E+00  0.5175626E+00  0.6898392E+00
          18 -0.8565036E+01  0.8693300E+03  0.3696101E+00  0.5682297E+00  0.6898392E+00
          19  0.7314178E+01  0.8809600E+03  0.4087971E+00  0.6212489E+00  0.6898392E+00
          20  0.4220743E+01  0.8925000E+03  0.4499677E+00  0.6766007E+00  0.6898392E+00
          21  0.4465159E+00  0.9042900E+03  0.4931188E+00  0.7343231E+00  0.6898392E+00
          22  0.1441281E+01  0.9169300E+03  0.5382937E+00  0.7944196E+00  0.6898392E+00
          23  0.8630911E+01  0.9301900E+03  0.5854395E+00  0.8569151E+00  0.6898392E+00
          24 -0.5742198E+01  0.9437500E+03  0.6346230E+00  0.9218033E+00  0.6898392E+00
          25  0.4124671E+01  0.9576200E+03  0.6858267E+00  0.9891063E+00  0.6898392E+00
          26  0.8811798E+01  0.9718900E+03  0.7390493E+00  0.1058829E+01  0.6898392E+00
          27  0.6098094E+01  0.9866200E+03  0.7943086E+00  0.1131011E+01  0.6898392E+00
          28  0.4191344E+01  0.1001800E+04  0.8516617E+00  0.1205636E+01  0.6898392E+00
          29  0.7152825E+01  0.1017300E+04  0.9110321E+00  0.1282738E+01  0.6898392E+00
          30  0.7421921E+01  0.1032800E+04  0.9724899E+00  0.1362333E+01  0.6898392E+00
          31 -0.6016728E-01  0.1048600E+04  0.1036041E+01  0.1444429E+01  0.6898392E+00
          32 -0.1224662E+01  0.1064600E+04  0.1101661E+01  0.1529052E+01  0.6898392E+00
          33 -0.1286367E+02  0.1081100E+04  0.1169425E+01  0.1616213E+01  0.6898392E+00
          34  0.7989216E+00  0.1097800E+04  0.1239304E+01  0.1705937E+01  0.6898392E+00
          35  0.6340735E+01  0.1114800E+04  0.1311328E+01  0.1798228E+01  0.6898392E+00
          36 -0.1027831E+01  0.1131900E+04  0.1385471E+01  0.1893116E+01  0.6898392E+00
          37 -0.1986207E+02  0.1149200E+04  0.1461810E+01  0.1990621E+01  0.6898392E+00
          38 -0.2936950E+01  0.1166800E+04  0.1540298E+01  0.2090765E+01  0.6898392E+00
          39 -0.1263688E+02  0.1184600E+04  0.1620980E+01  0.2193561E+01  0.6898392E+00
          40 -0.2648772E+00  0.1202600E+04  0.1703858E+01  0.2299022E+01  0.6898392E+00
          41  0.6668969E+01  0.1220900E+04  0.1788987E+01  0.2407181E+01  0.6898392E+00
          42 -0.1110772E+02  0.1239300E+04  0.1876312E+01  0.2518065E+01  0.6898392E+00
          43 -0.8627057E+01  0.1257900E+04  0.1965917E+01  0.2631672E+01  0.6898392E+00
          44 -0.5217122E+01  0.1276700E+04  0.2057768E+01  0.2748066E+01  0.6898392E+00
          45  0.4373672E+01  0.1295700E+04  0.2151900E+01  0.2867203E+01  0.6898392E+00
          46  0.2933953E+01  0.1314900E+04  0.2248335E+01  0.2989170E+01  0.6898392E+00
          47 -0.1258023E+02  0.1334400E+04  0.2347074E+01  0.3113941E+01  0.6898392E+00
          48 -0.1427907E+01  0.1354000E+04  0.2448139E+01  0.3241585E+01  0.6898392E+00
          49 -0.2244358E+02  0.1373700E+04  0.2551559E+01  0.3372120E+01  0.6898392E+00
          50  0.5900960E+01  0.1393700E+04  0.2657339E+01  0.3505557E+01  0.6898392E+00
          51  0.1220253E+02  0.1414000E+04  0.2765475E+01  0.3641874E+01  0.6898392E+00
          52  0.2412852E+00  0.1434500E+04  0.2876075E+01  0.3781234E+01  0.6898392E+00
          53  0.2047577E+01  0.1455200E+04  0.2989030E+01  0.3923472E+01  0.6898392E+00
          54  0.6099275E+01  0.1476000E+04  0.3104449E+01  0.4068840E+01  0.6898392E+00
          55 -0.1091501E+02  0.1496900E+04  0.3222280E+01  0.4217040E+01  0.6898392E+00
          56 -0.1469974E+02  0.1518100E+04  0.3342622E+01  0.4368483E+01  0.6898392E+00
          57  0.2908055E+01  0.1539600E+04  0.3465433E+01  0.4522889E+01  0.6898392E+00
          58 -0.7658453E+01  0.1561400E+04  0.3590782E+01  0.4680504E+01  0.6898392E+00
          59 -0.1823584E+02  0.1583300E+04  0.3718625E+01  0.4841156E+01  0.6898392E+00
          60  0.5973661E+01  0.1605300E+04  0.3849011E+01  0.5004980E+01  0.6898392E+00
          61  0.4504617E+01  0.1627600E+04  0.3982011E+01  0.5172136E+01  0.6898392E+00
          62  0.1662314E+01  0.1650100E+04  0.4117545E+01  0.5342386E+01  0.6898392E+00
          63 -0.2969931E+01  0.1672800E+04  0.4255715E+01  0.5516019E+01  0.6898392E+00
          64  0.7780443E+01  0.1695700E+04  0.4396510E+01  0.5692788E+01  0.6898392E+00
          65  0.1762351E+02  0.1718800E+04  0.4539906E+01  0.5872973E+01  0.6898392E+00
          66  0.2416793E+02  0.1742100E+04  0.4686007E+01  0.6056450E+01  0.6898392E+00
          67 -0.9063836E+01  0.1765700E+04  0.4834814E+01  0.6243396E+01  0.6898392E+00
          68 -0.5419841E+01  0.1789400E+04  0.4986218E+01  0.6433679E+01  0.6898392E+00
          69  0.1169871E+02  0.1813500E+04  0.5140544E+01  0.6627444E+01  0.6898392E+00
          70 -0.4489366E+01  0.1837700E+04  0.5297463E+01  0.6824734E+01  0.6898392E+00
          71  0.2095840E+02  0.1862200E+04  0.5457337E+01  0.7025539E+01  0.6898392E+00
          72 -0.2200828E+00  0.1886900E+04  0.5619805E+01  0.7229869E+01  0.6898392E+00
          73 -0.4361934E+02  0.1911900E+04  0.5785431E+01  0.7437782E+01  0.6898392E+00
          74 -0.3842628E+01  0.1937100E+04  0.5953429E+01  0.7649375E+01  0.6898392E+00
          75 -0.1117227E+02  0.1962500E+04  0.6124731E+01  0.7864681E+01  0.6898392E+00
          76 -0.1610557E+02  0.1988200E+04  0.6298665E+01  0.8083505E+01  0.6898392E+00
          77  0.2297676E+02  0.2014100E+04  0.6475535E+01  0.8306141E+01  0.6898392E+00
          78 -0.2242222E+02  0.2040200E+04  0.6655587E+01  0.8532566E+01  0.6898392E+00
          79  0.3415510E+01  0.2066500E+04  0.6838393E+01  0.8762864E+01  0.6898392E+00
          80  0.1515784E+02  0.2093100E+04  0.7024350E+01  0.8996863E+01  0.6898392E+00
          81 -0.8022662E+01  0.2120000E+04  0.7212972E+01  0.9234797E+01  0.6898392E+00
          82 -0.1821528E+02  0.2147000E+04  0.7404864E+01  0.9476735E+01  0.6898392E+00
          83  0.2230128E+02  0.2174300E+04  0.7599937E+01  0.9722561E+01  0.6898392E+00
          84 -0.1981355E+02  0.2201800E+04  0.7797916E+01  0.9972519E+01  0.6898392E+00
          85 -0.2944721E+00  0.2229500E+04  0.7999135E+01  0.1022645E+02  0.6898392E+00
          86 -0.2825462E+02  0.2257500E+04  0.8203354E+01  0.1048454E+02  0.6898392E+00
          87  0.1417595E+02  0.2285700E+04  0.8411025E+01  0.1074671E+02  0.6898392E+00
          88  0.6121970E+00  0.2314100E+04  0.8621844E+01  0.1101315E+02  0.6898392E+00
          89 -0.2420395E+02  0.2342800E+04  0.8835904E+01  0.1128368E+02  0.6898392E+00
          90  0.1180069E+02  0.2371600E+04  0.9053173E+01  0.1155857E+02  0.6898392E+00
          91 -0.1790184E+02  0.2400700E+04  0.9273685E+01  0.1183779E+02  0.6898392E+00
          92  0.9050214E+01  0.2430000E+04  0.9497406E+01  0.1212132E+02  0.6898392E+00
          93  0.3260629E+02  0.2459500E+04  0.9724578E+01  0.1240937E+02  0.6898392E+00
          94 -0.1338261E+02  0.2489300E+04  0.9955264E+01  0.1270183E+02  0.6898392E+00
          95 -0.1488406E+02  0.2519200E+04  0.1018934E+02  0.1299869E+02  0.6898392E+00
          96  0.1196047E+02  0.2549400E+04  0.1042648E+02  0.1330021E+02  0.6898392E+00
          97  0.8836576E+01  0.2579700E+04  0.1066758E+02  0.1360626E+02  0.6898392E+00
          98  0.2551353E+01  0.2610300E+04  0.1091213E+02  0.1391709E+02  0.6898392E+00
          99  0.1774049E+02  0.2641000E+04  0.1115996E+02  0.1423251E+02  0.6898392E+00
         100  0.4120899E+02  0.2672000E+04  0.1141148E+02  0.1455267E+02  0.6898392E+00
         101 -0.1897540E+02  0.2703100E+04  0.1166651E+02  0.1487764E+02  0.6898392E+00
         102 -0.1907771E+01  0.2734400E+04  0.1192551E+02  0.1520756E+02  0.6898392E+00
         103  0.6969413E+01  0.2765900E+04  0.1218796E+02  0.1554224E+02  0.6898392E+00
         104  0.2798183E+02  0.2797500E+04  0.1245419E+02  0.1588187E+02  0.6898392E+00
         105  0.2191341E+02  0.2829400E+04  0.1272394E+02  0.1622665E+02  0.6898392E+00
         106  0.1175324E+02  0.2861400E+04  0.1299762E+02  0.1657641E+02  0.6898392E+00
         107 -0.2895780E+02  0.2893500E+04  0.1327509E+02  0.1693122E+02  0.6898392E+00
         108 -0.9082299E+01  0.2925800E+04  0.1355634E+02  0.1729138E+02  0.6898392E+00
         109 -0.1476778E+02  0.2958300E+04  0.1384174E+02  0.1765660E+02  0.6898392E+00
         110 -0.3340411E+02  0.2990900E+04  0.1413072E+02  0.1802708E+02  0.6898392E+00
         111 -0.3232799E+02  0.3023700E+04  0.1442372E+02  0.1840309E+02  0.6898392E+00
         112  0.1218805E+02  0.3056500E+04  0.1472069E+02  0.1878420E+02  0.6898392E+00
         113 -0.1183650E+02  0.3089600E+04  0.1502168E+02  0.1917097E+02  0.6898392E+00
         114 -0.2446675E+02  0.3122700E+04  0.1532695E+02  0.1956318E+02  0.6898392E+00
         115 -0.2342406E+02  0.3156000E+04  0.1563620E+02  0.1996096E+02  0.6898392E+00
         116 -0.4903529E+01  0.3189300E+04  0.1594946E+02  0.2036423E+02  0.6898392E+00
         117 -0.2181536E+02  0.3222800E+04  0.1626701E+02  0.2077338E+02  0.6898392E+00
         118  0.1214269E+02  0.3256400E+04  0.1658877E+02  0.2118817E+02  0.6898392E+00
         119 -0.1925215E+02  0.3290100E+04  0.1691483E+02  0.2160876E+02  0.6898392E+00
         120  0.1033280E+02  0.3323800E+04  0.1724502E+02  0.2203525E+02  0.6898392E+00
         121 -0.1166873E+02  0.3357600E+04  0.1757958E+02  0.2246753E+02  0.6898392E+00
         122  0.2297219E+02  0.3391500E+04  0.1791854E+02  0.2290587E+02  0.6898392E+00
         123 -0.1576279E+02  0.3425400E+04  0.1826198E+02  0.2335031E+02  0.6898392E+00
         124 -0.2651096E+02  0.3459400E+04  0.1860969E+02  0.2380076E+02  0.6898392E+00
         125  0.2028365E+02  0.3493400E+04  0.1896214E+02  0.2425731E+02  0.6898392E+00
         126  0.1015365E+02  0.3527500E+04  0.1931893E+02  0.2472025E+02  0.6898392E+00
         127  0.1751493E+02  0.3561600E+04  0.1968025E+02  0.2518928E+02  0.6898392E+00
         128  0.2804595E+01  0.3595700E+04  0.2004619E+02  0.2566490E+02  0.6898392E+00
         129 -0.5969177E+01  0.3629700E+04  0.2041704E+02  0.2614683E+02  0.6898392E+00
         130  0.4128358E+02  0.3663800E+04  0.2079230E+02  0.2663527E+02  0.6898392E+00
         131  0.2498564E+02  0.3697900E+04  0.2117224E+02  0.2713027E+02  0.6898392E+00
         132  0.2856164E+01  0.3732000E+04  0.2155709E+02  0.2763191E+02  0.6898392E+00
         133 -0.3855999E+01  0.3766000E+04  0.2194692E+02  0.2814021E+02  0.6898392E+00
         134 -0.4074225E+02  0.3800000E+04  0.2234155E+02  0.2865538E+02  0.6898392E+00
         135 -0.3167856E+02  0.3833900E+04  0.2274084E+02  0.2917715E+02  0.6898392E+00
         136 -0.4279675E+02  0.3867800E+04  0.2314532E+02  0.2970593E+02  0.6898392E+00
         137  0.2293311E+02  0.3901700E+04  0.2355465E+02  0.3024173E+02  0.6898392E+00
         138 -0.2495473E+02  0.3935500E+04  0.2396889E+02  0.3078460E+02  0.6898392E+00
         139  0.1822729E+02  0.3969200E+04  0.2438857E+02  0.3133443E+02  0.6898392E+00
         140  0.2561788E+02  0.4002800E+04  0.2481337E+02  0.3189180E+02  0.6898392E+00
         141 -0.3684011E+01  0.4036300E+04  0.2524295E+02  0.3245594E+02  0.6898392E+00
         142 -0.5239895E+02  0.4069700E+04  0.2567791E+02  0.3302768E+02  0.6898392E+00
         143  0.1190400E+02  0.4103000E+04  0.2611817E+02  0.3360658E+02  0.6898392E+00
         144  0.6363872E+02  0.4136100E+04  0.2656355E+02  0.3419259E+02  0.6898392E+00
         145  0.1762480E+02  0.4169200E+04  0.2701454E+02  0.3478721E+02  0.6898392E+00
         146  0.2442708E+02  0.4202100E+04  0.2747078E+02  0.3538945E+02  0.6898392E+00
         147 -0.2958475E+02  0.4234800E+04  0.2793264E+02  0.3599892E+02  0.6898392E+00
         148  0.3818775E+02  0.4267400E+04  0.2839961E+02  0.3661518E+02  0.6898392E+00
         149 -0.7693860E+01  0.4299800E+04  0.2887215E+02  0.3724086E+02  0.6898392E+00
         150 -0.7536032E+00  0.4332000E+04  0.2935075E+02  0.3787337E+02  0.6898392E+00
         151  0.1471407E+02  0.4364000E+04  0.2983447E+02  0.3851496E+02  0.6898392E+00
         152 -0.7364590E+01  0.4395900E+04  0.3032406E+02  0.3916479E+02  0.6898392E+00
         153 -0.4289137E+02  0.4427500E+04  0.3081928E+02  0.3982137E+02  0.6898392E+00
         154 -0.1295776E+02  0.4458900E+04  0.3132013E+02  0.4048654E+02  0.6898392E+00
         155  0.2708794E+02  0.4490000E+04  0.3182704E+02  0.4116165E+02  0.6898392E+00
         156  0.6059540E+02  0.4520900E+04  0.3233952E+02  0.4184422E+02  0.6898392E+00
         157  0.1834377E+02  0.4551600E+04  0.3285819E+02  0.4253483E+02  0.6898392E+00
         158  0.5573483E+01  0.4582000E+04  0.3338268E+02  0.4323375E+02  0.6898392E+00
         159 -0.2085361E+02  0.4612100E+04  0.3391336E+02  0.4394235E+02  0.6898392E+00
         160  0.4472001E+02  0.4642000E+04  0.3445005E+02  0.4465899E+02  0.6898392E+00
         161 -0.1521225E+02  0.4671600E+04  0.3499245E+02  0.4538590E+02  0.6898392E+00
         162  0.3803590E+02  0.4700800E+04  0.3554140E+02  0.4612052E+02  0.6898392E+00
         163 -0.9490989E+01  0.4729800E+04  0.3609656E+02  0.4686465E+02  0.6898392E+00
         164 -0.2529084E+01  0.4758400E+04  0.3665760E+02  0.4761866E+02  0.6898392E+00
         165  0.2832735E+02  0.4786700E+04  0.3722528E+02  0.4838006E+02  0.6898392E+00
         166  0.5913470E+02  0.4814700E+04  0.3779905E+02  0.4915253E+02  0.6898392E+00
         167 -0.7434660E+02  0.4842300E+04  0.3837951E+02  0.4993417E+02  0.6898392E+00
         168 -0.1341264E+02  0.4869600E+04  0.3896630E+02  0.5072382E+02  0.6898392E+00
         169  0.1266327E+02  0.4896500E+04  0.3955948E+02  0.5152559E+02  0.6898392E+00
         170 -0.5214413E+02  0.4923000E+04  0.4015943E+02  0.5233564E+02  0.6898392E+00
         171  0.4520387E+01  0.4949200E+04  0.4076585E+02  0.5315495E+02  0.6898392E+00
         172 -0.6881657E+02  0.4975000E+04  0.4137917E+02  0.5398590E+02  0.6898392E+00
         173  0.7522472E+02  0.5000400E+04  0.4199899E+02  0.5482637E+02  0.6898392E+00
         174  0.1538965E+01  0.5025400E+04  0.4262571E+02  0.5567618E+02  0.6898392E+00
         175  0.7985136E+01  0.5049900E+04  0.4325870E+02  0.5653633E+02  0.6898392E+00
         176  0.5107081E+02  0.5074100E+04  0.4389956E+02  0.5740730E+02  0.6898392E+00
         177 -0.1908361E+02  0.5097800E+04  0.4454687E+02  0.5828846E+02  0.6898392E+00
         178 -0.4956850E+02  0.5121100E+04  0.4520112E+02  0.5918104E+02  0.6898392E+00
         179  0.4971376E+02  0.5144000E+04  0.4586229E+02  0.6008340E+02  0.6898392E+00
         180 -0.2756931E+02  0.5166400E+04  0.4653086E+02  0.6099695E+02  0.6898392E+00
         181  0.3721271E+02  0.5188400E+04  0.4720681E+02  0.6192130E+02  0.6898392E+00
         182 -0.2739822E+02  0.5209900E+04  0.4788968E+02  0.6285678E+02  0.6898392E+00
         183  0.6069669E+01  0.5230900E+04  0.4857993E+02  0.6380305E+02  0.6898392E+00
         184  0.1457673E+02  0.5251500E+04  0.4927778E+02  0.6476124E+02  0.6898392E+00
         185  0.2179341E+02  0.5271600E+04  0.4998158E+02  0.6573119E+02  0.6898392E+00
         186  0.2766022E+02  0.5291200E+04  0.5069509E+02  0.6671105E+02  0.6898392E+00
         187  0.1610917E+02  0.5310200E+04  0.5141677E+02  0.6770434E+02  0.6898392E+00
         188  0.8407234E+01  0.5328800E+04  0.5214484E+02  0.6870901E+02  0.6898392E+00
         189 -0.2111948E+02  0.5346800E+04  0.5287879E+02  0.6972520E+02  0.6898392E+00
         190 -0.2057098E+02  0.5364400E+04  0.5362227E+02  0.7075262E+02  0.6898392E+00
         191  0.7611827E+02  0.5381300E+04  0.5437184E+02  0.7179393E+02  0.6898392E+00
         192  0.1373820E+00  0.5397800E+04  0.5513272E+02  0.7284728E+02  0.6898392E+00
         193  0.6660796E+02  0.5413700E+04  0.5589790E+02  0.7391200E+02  0.6898392E+00
         194  0.5007668E+02  0.5429100E+04  0.5667459E+02  0.7498953E+02  0.6898392E+00
         195 -0.4835646E+02  0.5443900E+04  0.5745539E+02  0.7607992E+02  0.6898392E+00
         196 -0.4213792E+02  0.5458200E+04  0.5824780E+02  0.7718353E+02  0.6898392E+00
         197  0.5525296E+02  0.5472000E+04  0.5904667E+02  0.7830051E+02  0.6898392E+00
         198  0.8058534E+02  0.5485100E+04  0.5985508E+02  0.7942992E+02  0.6898392E+00
         199 -0.2262196E+02  0.5497800E+04  0.6067175E+02  0.8057321E+02  0.6898392E+00
         200  0.1525679E+02  0.5509800E+04  0.6149488E+02  0.8172973E+02  0.6898392E+00
         201  0.2802901E+02  0.5521300E+04  0.6232951E+02  0.8289995E+02  0.6898392E+00
         202  0.3750135E+02  0.5532200E+04  0.6316797E+02  0.8408270E+02  0.6898392E+00
         203  0.3027804E+02  0.5542600E+04  0.6401733E+02  0.8528171E+02  0.6898392E+00
         204 -0.8283297E+01  0.5552300E+04  0.6487868E+02  0.8649222E+02  0.6898392E+00
         205  0.5441398E+01  0.5561500E+04  0.6574532E+02  0.8771878E+02  0.6898392E+00
         206 -0.4902180E+01  0.5570100E+04  0.6662336E+02  0.8895836E+02  0.6898392E+00
         207  0.1121429E+03  0.5578100E+04  0.6750650E+02  0.9021455E+02  0.6898392E+00
         208 -0.5822944E+02  0.5585500E+04  0.6840181E+02  0.9148405E+02  0.6898392E+00
         209  0.2698909E+02  0.5592300E+04  0.6930606E+02  0.9276765E+02  0.6898392E+00
         210  0.8345657E+02  0.5598500E+04  0.7021857E+02  0.9406677E+02  0.6898392E+00
         211 -0.3127440E+01  0.5604100E+04  0.7114130E+02  0.9538184E+02  0.6898392E+00
         212  0.4995942E+02  0.5609100E+04  0.7207108E+02  0.9671041E+02  0.6898392E+00
         213 -0.7111771E+02  0.5613500E+04  0.7301490E+02  0.9805730E+02  0.6898392E+00
         214  0.3038131E+02  0.5617300E+04  0.7396383E+02  0.9941846E+02  0.6898392E+00
         215  0.3178924E+02  0.5620400E+04  0.7492297E+02  0.1007948E+03  0.6898392E+00
         216  0.3310777E+02  0.5623000E+04  0.7589300E+02  0.1021870E+03  0.6898392E+00
         217  0.3147518E+02  0.5624900E+04  0.7687324E+02  0.1035958E+03  0.6898392E+00
         218  0.6494650E+02  0.5626100E+04  0.7786173E+02  0.1050211E+03  0.6898392E+00
         219  0.4945326E+01  0.5626800E+04  0.7886044E+02  0.1064631E+03  0.6898392E+00
         220 -0.9828369E+02  0.5626900E+04  0.7987003E+02  0.1079214E+03  0.6898392E+00
         221  0.7799417E+01  0.5626300E+04  0.8088914E+02  0.1093967E+03  0.6898392E+00
         222 -0.4472956E+02  0.5625200E+04  0.8191983E+02  0.1108885E+03  0.6898392E+00
         223  0.5575911E+02  0.5623400E+04  0.8296004E+02  0.1123981E+03  0.6898392E+00
         224 -0.9016050E+02  0.5621000E+04  0.8400920E+02  0.1139257E+03  0.6898392E+00
         225  0.2531347E+02  0.5618000E+04  0.8507297E+02  0.1154695E+03  0.6898392E+00
         226 -0.1566492E+02  0.5614400E+04  0.8614252E+02  0.1170312E+03  0.6898392E+00
         227 -0.4272027E+02  0.5610200E+04  0.8722298E+02  0.1186106E+03  0.6898392E+00
         228  0.2309883E+02  0.5605400E+04  0.8831803E+02  0.1202091E+03  0.6898392E+00
         229  0.8873032E+01  0.5600000E+04  0.8941957E+02  0.1218246E+03  0.6898392E+00
         230  0.2735457E+01  0.5594000E+04  0.9053378E+02  0.1234590E+03  0.6898392E+00
         231 -0.5195217E+02  0.5587400E+04  0.9165889E+02  0.1251130E+03  0.6898392E+00
         232 -0.4240318E+02  0.5580200E+04  0.9279611E+02  0.1267856E+03  0.6898392E+00
         233 -0.7003656E+02  0.5572500E+04  0.9394408E+02  0.1284756E+03  0.6898392E+00
         234 -0.4429171E+01  0.5564100E+04  0.9510239E+02  0.1301848E+03  0.6898392E+00
         235 -0.4184801E+02  0.5555100E+04  0.9627214E+02  0.1319146E+03  0.6898392E+00
         236 -0.3753159E+02  0.5545500E+04  0.9745400E+02  0.1336641E+03  0.6898392E+00
         237  0.9327750E+02  0.5535400E+04  0.9864854E+02  0.1354318E+03  0.6898392E+00
         238 -0.1100445E+03  0.5524600E+04  0.9985274E+02  0.1372200E+03  0.6898392E+00
         239  0.8882162E+01  0.5513300E+04  0.1010703E+03  0.1390293E+03  0.6898392E+00
         240 -0.1896528E+01  0.5501400E+04  0.1022975E+03  0.1408569E+03  0.6898392E+00
         241  0.6448132E+02  0.5488900E+04  0.1035373E+03  0.1427055E+03  0.6898392E+00
         242  0.1411217E+02  0.5475800E+04  0.1047900E+03  0.1445746E+03  0.6898392E+00
         243  0.6283512E+02  0.5462200E+04  0.1060553E+03  0.1464642E+03  0.6898392E+00
         244 -0.3124832E+00  0.5448000E+04  0.1073335E+03  0.1483764E+03  0.6898392E+00
         245  0.3899487E+01  0.5433200E+04  0.1086206E+03  0.1503074E+03  0.6898392E+00
         246  0.4121141E+02  0.5417900E+04  0.1099222E+03  0.1522608E+03  0.6898392E+00
         247  0.5355667E+02  0.5402100E+04  0.1112373E+03  0.1542365E+03  0.6898392E+00
         248 -0.5202253E+02  0.5385700E+04  0.1125651E+03  0.1562322E+03  0.6898392E+00
         249  0.2499573E+02  0.5368800E+04  0.1139038E+03  0.1582511E+03  0.6898392E+00
         250 -0.6847439E+02  0.5351400E+04  0.1152559E+03  0.1602908E+03  0.6898392E+00
         251 -0.3457219E+02  0.5333500E+04  0.1166226E+03  0.1623544E+03  0.6898392E+00
         252 -0.4690907E+02  0.5315000E+04  0.1180001E+03  0.1644391E+03  0.6898392E+00
         253  0.9101254E+02  0.5296100E+04  0.1193929E+03  0.1665479E+03  0.6898392E+00
         254 -0.4083478E+02  0.5276700E+04  0.1207966E+03  0.1686781E+03  0.6898392E+00
         255  0.3923726E+02  0.5256700E+04  0.1222156E+03  0.1708316E+03  0.6898392E+00
         256  0.4612300E+02  0.5236300E+04  0.1236479E+03  0.1730087E+03  0.6898392E+00
         257  0.5013355E+02  0.5215500E+04  0.1250930E+03  0.1752092E+03  0.6898392E+00
         258  0.6610374E+02  0.5194100E+04  0.1265533E+03  0.1774342E+03  0.6898392E+00
         259  0.9714877E+02  0.5172300E+04  0.1280263E+03  0.1796823E+03  0.6898392E+00
         260  0.2947671E+02  0.5150000E+04  0.1295134E+03  0.1819546E+03  0.6898392E+00
         261 -0.8976569E+00  0.5127300E+04  0.1310133E+03  0.1842516E+03  0.6898392E+00
         262 -0.8799471E+01  0.5104100E+04  0.1325309E+03  0.1865725E+03  0.6898392E+00
         263 -0.1113486E+02  0.5080500E+04  0.1340612E+03  0.1889187E+03  0.6898392E+00
         264  0.3354964E+02  0.5056500E+04  0.1356049E+03  0.1912902E+03  0.6898392E+00
         265 -0.1909128E+02  0.5032000E+04  0.1371633E+03  0.1936870E+03  0.6898392E+00
         266 -0.1190359E+03  0.5007200E+04  0.1387375E+03  0.1961075E+03  0.6898392E+00
         267 -0.7915620E+02  0.4981900E+04  0.1403251E+03  0.1985556E+03  0.6898392E+00
         268  0.1560718E+03  0.4956200E+04  0.1419281E+03  0.2010291E+03  0.6898392E+00
         269 -0.6444360E+02  0.4930200E+04  0.1435469E+03  0.2035293E+03  0.6898392E+00
         270 -0.2408100E+02  0.4903700E+04  0.1451784E+03  0.2060559E+03  0.6898392E+00
         271  0.3065347E+02  0.4876900E+04  0.1468295E+03  0.2086091E+03  0.6898392E+00
         272  0.1424905E+03  0.4849800E+04  0.1484923E+03  0.2111879E+03  0.6898392E+00
         273  0.8665896E+02  0.4822300E+04  0.1501727E+03  0.2137953E+03  0.6898392E+00
         274 -0.9226895E+01  0.4794400E+04  0.1518685E+03  0.2164315E+03  0.6898392E+00
         275  0.6737601E+02  0.4766300E+04  0.1535801E+03  0.2190929E+03  0.6898392E+00
         276 -0.3010612E+02  0.4737800E+04  0.1553070E+03  0.2217833E+03  0.6898392E+00
         277  0.1184961E+03  0.4709000E+04  0.1570491E+03  0.2245027E+03  0.6898392E+00
         278  0.1081974E+03  0.4679900E+04  0.1588072E+03  0.2272509E+03  0.6898392E+00
         279  0.1531935E+02  0.4650500E+04  0.1605848E+03  0.2300269E+03  0.6898392E+00
         280 -0.3846225E+02  0.4620900E+04  0.1623766E+03  0.2328331E+03  0.6898392E+00
         281 -0.6035801E+02  0.4590900E+04  0.1641854E+03  0.2356685E+03  0.6898392E+00
         282  0.1614578E+02  0.4560700E+04  0.1660127E+03  0.2385341E+03  0.6898392E+00
         283 -0.1544195E+02  0.4530300E+04  0.1678526E+03  0.2414298E+03  0.6898392E+00
         284  0.7685502E+02  0.4499600E+04  0.1697111E+03  0.2443545E+03  0.6898392E+00
         285  0.1424937E+02  0.4468700E+04  0.1715898E+03  0.2473108E+03  0.6898392E+00
         286  0.1037936E+03  0.4437500E+04  0.1734837E+03  0.2502997E+03  0.6898392E+00
         287  0.5343928E+02  0.4406200E+04  0.1753936E+03  0.2533191E+03  0.6898392E+00
         288 -0.3125083E+02  0.4374600E+04  0.1773238E+03  0.2563695E+03  0.6898392E+00
         289 -0.1441486E+02  0.4342900E+04  0.1792716E+03  0.2594524E+03  0.6898392E+00
         290 -0.4337248E+02  0.4310900E+04  0.1812373E+03  0.2625674E+03  0.6898392E+00
         291 -0.3355909E+02  0.4278800E+04  0.1832188E+03  0.2657160E+03  0.6898392E+00
         292  0.3446058E+02  0.4246500E+04  0.1852200E+03  0.2688972E+03  0.6898392E+00
         293  0.4078852E+02  0.4214100E+04  0.1872395E+03  0.2721122E+03  0.6898392E+00
         294 -0.3011507E+02  0.4181500E+04  0.1892776E+03  0.2753586E+03  0.6898392E+00
         295  0.6020983E+02  0.4148800E+04  0.1913333E+03  0.2786423E+03  0.6898392E+00
         296  0.4103325E+02  0.4116000E+04  0.1934093E+03  0.2819587E+03  0.6898392E+00
         297  0.2160717E+02  0.4083100E+04  0.1955056E+03  0.2853094E+03  0.6898392E+00
         298 -0.6778743E+02  0.4050000E+04  0.1976197E+03  0.2886960E+03  0.6898392E+00
         299 -0.1449285E+03  0.4016900E+04  0.1997522E+03  0.2921205E+03  0.6898392E+00
         300 -0.9411501E+01  0.3983700E+04  0.2019049E+03  0.2955780E+03  0.6898392E+00
         301 -0.1212374E+02  0.3950400E+04  0.2040779E+03  0.2990694E+03  0.6898392E+00
         302 -0.2433072E+02  0.3917000E+04  0.2062711E+03  0.3026021E+03  0.6898392E+00
         303 -0.6304546E+02  0.3883600E+04  0.2084802E+03  0.3061710E+03  0.6898392E+00
         304 -0.5782174E+02  0.3850200E+04  0.2107147E+03  0.3097747E+03  0.6898392E+00
         305  0.1220011E+03  0.3816700E+04  0.2129686E+03  0.3134197E+03  0.6898392E+00
         306 -0.4508107E+02  0.3783300E+04  0.2152393E+03  0.3170997E+03  0.6898392E+00
         307 -0.9056892E+02  0.3749800E+04  0.2175345E+03  0.3208192E+03  0.6898392E+00
         308 -0.2887385E+01  0.3716300E+04  0.2198498E+03  0.3245801E+03  0.6898392E+00
         309  0.7458473E+02  0.3682800E+04  0.2221862E+03  0.3283780E+03  0.6898392E+00
         310  0.8368038E+02  0.3649300E+04  0.2245428E+03  0.3322144E+03  0.6898392E+00
         311  0.3960188E+02  0.3615900E+04  0.2269222E+03  0.3360944E+03  0.6898392E+00
         312 -0.9792080E+01  0.3582500E+04  0.2293243E+03  0.3400139E+03  0.6898392E+00
         313  0.2700189E+02  0.3549100E+04  0.2317449E+03  0.3439728E+03  0.6898392E+00
         314  0.8384811E+02  0.3515900E+04  0.2341900E+03  0.3479663E+03  0.6898392E+00
         315 -0.4570167E+02  0.3482700E+04  0.2366560E+03  0.3520098E+03  0.6898392E+00
         316 -0.6337796E+02  0.3449500E+04  0.2391440E+03  0.3560952E+03  0.6898392E+00
         317  0.3975312E+02  0.3416500E+04  0.2416548E+03  0.3602215E+03  0.6898392E+00
         318 -0.6583548E+02  0.3383600E+04  0.2441891E+03  0.3643916E+03  0.6898392E+00
         319  0.1156065E+03  0.3350700E+04  0.2467461E+03  0.3685988E+03  0.6898392E+00
         320 -0.1318653E+03  0.3318000E+04  0.2493258E+03  0.3728536E+03  0.6898392E+00
         321  0.6173102E+02  0.3285400E+04  0.2519308E+03  0.3771538E+03  0.6898392E+00
         322 -0.1813371E+03  0.3253000E+04  0.2545577E+03  0.3814950E+03  0.6898392E+00
         323  0.5457613E+01  0.3220700E+04  0.2572081E+03  0.3858860E+03  0.6898392E+00
         324 -0.7203907E+02  0.3188500E+04  0.2598837E+03  0.3903193E+03  0.6898392E+00
         325 -0.8604014E+01  0.3156500E+04  0.2625821E+03  0.3948002E+03  0.6898392E+00
         326 -0.4251646E+02  0.3124700E+04  0.2653031E+03  0.3993148E+03  0.6898392E+00
         327  0.2851671E+02  0.3093000E+04  0.2680520E+03  0.4038941E+03  0.6898392E+00
         328 -0.4595843E+02  0.3061600E+04  0.2708253E+03  0.4085144E+03  0.6898392E+00
         329 -0.5224155E+02  0.3030300E+04  0.2736220E+03  0.4131667E+03  0.6898392E+00
         330 -0.2142237E+02  0.2999300E+04  0.2764431E+03  0.4178924E+03  0.6898392E+00
         331 -0.2626064E+02  0.2968400E+04  0.2792921E+03  0.4226466E+03  0.6898392E+00
         332 -0.9966791E+02  0.2937800E+04  0.2821662E+03  0.4274569E+03  0.6898392E+00
         333  0.8905985E+02  0.2907400E+04  0.2850630E+03  0.4323222E+03  0.6898392E+00
         334 -0.4897548E+02  0.2877300E+04  0.2879892E+03  0.4372207E+03  0.6898392E+00
         335 -0.5474934E+02  0.2847400E+04  0.2909389E+03  0.4421849E+03  0.6898392E+00
         336 -0.4944353E+02  0.2817700E+04  0.2939207E+03  0.4471935E+03  0.6898392E+00
         337 -0.8364289E+02  0.2788300E+04  0.2969233E+03  0.4522430E+03  0.6898392E+00
         338  0.7607095E+02  0.2759200E+04  0.2999545E+03  0.4573496E+03  0.6898392E+00
         339  0.5459282E+02  0.2730400E+04  0.3030135E+03  0.4625157E+03  0.6898392E+00
         340  0.9056773E+01  0.2701900E+04  0.3061002E+03  0.4677176E+03  0.6898392E+00
         341  0.8978494E+02  0.2673700E+04  0.3092119E+03  0.4729925E+03  0.6898392E+00
         342 -0.5129971E+02  0.2645800E+04  0.3123532E+03  0.4783032E+03  0.6898392E+00
         343 -0.4898717E+02  0.2618200E+04  0.3155239E+03  0.4836796E+03  0.6898392E+00
         344 -0.5509676E+02  0.2590900E+04  0.3187196E+03  0.4891005E+03  0.6898392E+00
         345 -0.2140002E+02  0.2563900E+04  0.3219456E+03  0.4945818E+03  0.6898392E+00
         346  0.6361153E+02  0.2537300E+04  0.3251992E+03  0.5001106E+03  0.6898392E+00
         347  0.1039422E+03  0.2510900E+04  0.3284822E+03  0.5056946E+03  0.6898392E+00
         348 -0.6053073E+01  0.2485000E+04  0.3317963E+03  0.5113376E+03  0.6898392E+00
         349  0.7685980E+01  0.2459300E+04  0.3351389E+03  0.5170366E+03  0.6898392E+00
         350 -0.4528689E+02  0.2434000E+04  0.3385099E+03  0.5227866E+03  0.6898392E+00
         351  0.1107106E+02  0.2409000E+04  0.3419111E+03  0.5286076E+03  0.6898392E+00
         352  0.1420074E+02  0.2384400E+04  0.3453417E+03  0.5344770E+03  0.6898392E+00
         353 -0.9632774E+02  0.2360200E+04  0.3488049E+03  0.5404041E+03  0.6898392E+00
         354  0.4381199E+02  0.2336300E+04  0.3522974E+03  0.5463875E+03  0.6898392E+00
         355  0.2161085E+02  0.2312800E+04  0.3558217E+03  0.5524258E+03  0.6898392E+00
         356 -0.1363096E+02  0.2289700E+04  0.3593745E+03  0.5585354E+03  0.6898392E+00
         357 -0.2363833E+02  0.2266900E+04  0.3629600E+03  0.5646885E+03  0.6898392E+00
         358 -0.1158728E+03  0.2244600E+04  0.3665780E+03  0.5709146E+03  0.6898392E+00
         359  0.1618952E+03  0.2222600E+04  0.3702245E+03  0.5772020E+03  0.6898392E+00
         360 -0.1224379E+03  0.2201000E+04  0.3739078E+03  0.5835532E+03  0.6898392E+00
         361  0.2113780E+02  0.2179800E+04  0.3776195E+03  0.5899464E+03  0.6898392E+00
         362  0.6816406E+02  0.2159000E+04  0.3813671E+03  0.5964249E+03  0.6898392E+00
         363  0.6408234E+02  0.2138700E+04  0.3851448E+03  0.6029535E+03  0.6898392E+00
         364 -0.6317796E+02  0.2118700E+04  0.3889576E+03  0.6095622E+03  0.6898392E+00
         365 -0.1989977E+03  0.2099200E+04  0.3928022E+03  0.6162125E+03  0.6898392E+00
         366  0.8297237E+01  0.2080100E+04  0.3966792E+03  0.6229362E+03  0.6898392E+00
         367  0.8666933E+02  0.2061400E+04  0.4005913E+03  0.6297204E+03  0.6898392E+00
         368 -0.2208632E+02  0.2043100E+04  0.4045385E+03  0.6365947E+03  0.6898392E+00
         369 -0.1065094E+03  0.2025200E+04  0.4085206E+03  0.6435143E+03  0.6898392E+00
         370  0.5675349E+02  0.2007800E+04  0.4125345E+03  0.6505015E+03  0.6898392E+00
         371 -0.4402987E+01  0.1990800E+04  0.4165841E+03  0.6575511E+03  0.6898392E+00
         372 -0.2358690E+02  0.1974200E+04  0.4206696E+03  0.6646797E+03  0.6898392E+00
         373  0.8619561E+01  0.1958100E+04  0.4247909E+03  0.6718718E+03  0.6898392E+00
         374 -0.8957216E+02  0.1942300E+04  0.4289479E+03  0.6791389E+03  0.6898392E+00
         375  0.3287846E+02  0.1927000E+04  0.4331400E+03  0.6864546E+03  0.6898392E+00
         376  0.6380168E+02  0.1912200E+04  0.4373685E+03  0.6938687E+03  0.6898392E+00
         377 -0.2194558E+02  0.1897700E+04  0.4416328E+03  0.7013273E+03  0.6898392E+00
         378  0.7808475E+02  0.1883700E+04  0.4459355E+03  0.7088768E+03  0.6898392E+00
         379  0.5412672E+02  0.1870200E+04  0.4502763E+03  0.7164945E+03  0.6898392E+00
         380 -0.7591521E+02  0.1857000E+04  0.4546466E+03  0.7241721E+03  0.6898392E+00
         381  0.1089908E+02  0.1844300E+04  0.4590612E+03  0.7319388E+03  0.6898392E+00
         382 -0.5974300E+02  0.1832000E+04  0.4635124E+03  0.7397654E+03  0.6898392E+00
         383  0.2935174E+02  0.1820200E+04  0.4680069E+03  0.7476730E+03  0.6898392E+00
         384 -0.8653188E+01  0.1808800E+04  0.4725334E+03  0.7556568E+03  0.6898392E+00
         385 -0.5441822E+02  0.1797800E+04  0.4770927E+03  0.7637074E+03  0.6898392E+00
         386 -0.1198354E+03  0.1787300E+04  0.4817040E+03  0.7718416E+03  0.6898392E+00
         387  0.1851102E+02  0.1777200E+04  0.4863473E+03  0.7800478E+03  0.6898392E+00
         388 -0.5101236E+02  0.1767500E+04  0.4910338E+03  0.7883284E+03  0.6898392E+00
         389  0.3684723E+02  0.1758300E+04  0.4957545E+03  0.7966956E+03  0.6898392E+00
         390 -0.1206913E+01  0.1749500E+04  0.5005185E+03  0.8051283E+03  0.6898392E+00
         391  0.2240292E+02  0.1741200E+04  0.5053282E+03  0.8136451E+03  0.6898392E+00
         392 -0.6555785E+02  0.1733300E+04  0.5101543E+03  0.8222545E+03  0.6898392E+00
         393  0.9165423E+02  0.1725800E+04  0.5150573E+03  0.8309232E+03  0.6898392E+00
         394  0.6471781E+02  0.1718800E+04  0.5199815E+03  0.8396859E+03  0.6898392E+00
         395 -0.1327959E+03  0.1712200E+04  0.5249465E+03  0.8485179E+03  0.6898392E+00
         396 -0.1159782E+03  0.1706000E+04  0.5299688E+03  0.8574341E+03  0.6898392E+00
         397  0.1162688E+03  0.1700200E+04  0.5350079E+03  0.8664459E+03  0.6898392E+00
         398  0.7083875E+02  0.1694800E+04  0.5401130E+03  0.8755359E+03  0.6898392E+00
         399 -0.8920711E+02  0.1689800E+04  0.5452409E+03  0.8847045E+03  0.6898392E+00
         400  0.3942623E+01  0.1685300E+04  0.5504185E+03  0.8939622E+03  0.6898392E+00
         401  0.9416924E+02  0.1681100E+04  0.5556459E+03  0.9033037E+03  0.6898392E+00
         402  0.7840239E+02  0.1677400E+04  0.5609136E+03  0.9127298E+03  0.6898392E+00
         403  0.7879364E+01  0.1674000E+04  0.5662149E+03  0.9222337E+03  0.6898392E+00
         404 -0.1405675E+03  0.1671100E+04  0.5715728E+03  0.9318274E+03  0.6898392E+00
         405 -0.1933234E+02  0.1668500E+04  0.5769642E+03  0.9415093E+03  0.6898392E+00
         406  0.5804203E+01  0.1666300E+04  0.5824213E+03  0.9512978E+03  0.6898392E+00
         407  0.7069572E+02  0.1664500E+04  0.5879120E+03  0.9611503E+03  0.6898392E+00
         408 -0.8796362E+02  0.1663100E+04  0.5934489E+03  0.9711067E+03  0.6898392E+00
         409 -0.2389521E+02  0.1662100E+04  0.5990294E+03  0.9811560E+03  0.6898392E+00
         410  0.1001683E+03  0.1661400E+04  0.6046501E+03  0.9912691E+03  0.6898392E+00
         411 -0.7098498E+02  0.1661100E+04  0.6103355E+03  0.1001518E+04  0.6898392E+00
         412  0.1425944E+03  0.1661200E+04  0.6160298E+03  0.1011827E+04  0.6898392E+00
         413  0.1252666E+03  0.1661600E+04  0.6218144E+03  0.1022244E+04  0.6898392E+00
         414 -0.4669143E+02  0.1662400E+04  0.6276389E+03  0.1032751E+04  0.6898392E+00
         415  0.9511251E+01  0.1663500E+04  0.6334969E+03  0.1043347E+04  0.6898392E+00
         416  0.3116234E+02  0.1665000E+04  0.6394204E+03  0.1054051E+04  0.6898392E+00
         417 -0.1605159E+02  0.1666900E+04  0.6453678E+03  0.1064838E+04  0.6898392E+00
         418 -0.1000503E+01  0.1669000E+04  0.6513807E+03  0.1075725E+04  0.6898392E+00
         419 -0.1262591E+02  0.1671500E+04  0.6574419E+03  0.1086715E+04  0.6898392E+00
         420 -0.5461199E+02  0.1674400E+04  0.6635428E+03  0.1097806E+04  0.6898392E+00
         421  0.6564680E+02  0.1677500E+04  0.6697187E+03  0.1108994E+04  0.6898392E+00
         422 -0.5545701E+02  0.1681000E+04  0.6759185E+03  0.1120287E+04  0.6898392E+00
         423  0.4478456E+02  0.1684800E+04  0.6821676E+03  0.1131683E+04  0.6898392E+00
         424  0.7288885E+02  0.1688900E+04  0.6884966E+03  0.1143181E+04  0.6898392E+00
         425  0.1141949E+03  0.1693200E+04  0.6948445E+03  0.1154785E+04  0.6898392E+00
         426 -0.7299526E+02  0.1697900E+04  0.7012722E+03  0.1166481E+04  0.6898392E+00
         427 -0.3987823E+02  0.1702800E+04  0.7077381E+03  0.1178279E+04  0.6898392E+00
         428 -0.3046796E+02  0.1708000E+04  0.7142388E+03  0.1190193E+04  0.6898392E+00
         429 -0.1477210E+03  0.1713500E+04  0.7208289E+03  0.1202222E+04  0.6898392E+00
         430 -0.3948973E+02  0.1719300E+04  0.7274683E+03  0.1214358E+04  0.6898392E+00
         431  0.1524381E+02  0.1725300E+04  0.7341313E+03  0.1226584E+04  0.6898392E+00
         432  0.8864610E+02  0.1731600E+04  0.7408837E+03  0.1238939E+04  0.6898392E+00
         433  0.4531936E+02  0.1738100E+04  0.7476752E+03  0.1251415E+04  0.6898392E+00
         434  0.7778995E+02  0.1744800E+04  0.7545261E+03  0.1263974E+04  0.6898392E+00
         435  0.9000891E+02  0.1751800E+04  0.7614304E+03  0.1276665E+04  0.6898392E+00
         436  0.8141331E+02  0.1759000E+04  0.7683837E+03  0.1289470E+04  0.6898392E+00
         437 -0.7921639E+02  0.1766500E+04  0.7754222E+03  0.1302391E+04  0.6898392E+00
         438  0.6237907E+02  0.1774100E+04  0.7824882E+03  0.1315421E+04  0.6898392E+00
         439  0.1713061E+02  0.1782000E+04  0.7896289E+03  0.1328566E+04  0.6898392E+00
         440  0.1440914E+03  0.1790000E+04  0.7968071E+03  0.1341840E+04  0.6898392E+00
         441  0.7427258E+02  0.1798300E+04  0.8040602E+03  0.1355231E+04  0.6898392E+00
         442  0.1325678E+02  0.1806800E+04  0.8113624E+03  0.1368732E+04  0.6898392E+00
         443  0.4438480E+02  0.1815400E+04  0.8187534E+03  0.1382375E+04  0.6898392E+00
         444 -0.3058019E+02  0.1824200E+04  0.8261678E+03  0.1396128E+04  0.6898392E+00
         445  0.1173459E+03  0.1833200E+04  0.8336813E+03  0.1410002E+04  0.6898392E+00
         446 -0.2317179E+02  0.1842300E+04  0.8412335E+03  0.1424011E+04  0.6898392E+00
         447 -0.2813103E+02  0.1851600E+04  0.8488484E+03  0.1438140E+04  0.6898392E+00
         448 -0.5804783E+02  0.1861000E+04  0.8565519E+03  0.1452398E+04  0.6898392E+00
         449 -0.1433764E+03  0.1870600E+04  0.8642650E+03  0.1466777E+04  0.6898392E+00
         450  0.1160588E+03  0.1880300E+04  0.8720801E+03  0.1481302E+04  0.6898392E+00
         451 -0.1256255E+03  0.1890100E+04  0.8799443E+03  0.1495949E+04  0.6898392E+00
         452 -0.1774208E+03  0.1900000E+04  0.8878938E+03  0.1510726E+04  0.6898392E+00
         453 -0.4255521E+02  0.1910100E+04  0.8959088E+03  0.1525631E+04  0.6898392E+00
         454  0.5523850E+02  0.1920200E+04  0.9039835E+03  0.1540687E+04  0.6898392E+00
         455  0.5300608E+02  0.1930500E+04  0.9120963E+03  0.1555865E+04  0.6898392E+00
         456 -0.1817606E+03  0.1940800E+04  0.9203080E+03  0.1571162E+04  0.6898392E+00
         457 -0.2999412E+02  0.1951200E+04  0.9285713E+03  0.1586637E+04  0.6898392E+00
         458  0.6482752E+02  0.1961700E+04  0.9369200E+03  0.1602234E+04  0.6898392E+00
         459  0.1173540E+03  0.1972300E+04  0.9453444E+03  0.1617947E+04  0.6898392E+00
         460 -0.1558565E+03  0.1982900E+04  0.9538175E+03  0.1633837E+04  0.6898392E+00
         461 -0.4062530E+02  0.1993500E+04  0.9623652E+03  0.1649848E+04  0.6898392E+00
         462 -0.8341917E+02  0.2004200E+04  0.9709993E+03  0.1666002E+04  0.6898392E+00
         463 -0.1373438E+03  0.2015000E+04  0.9796712E+03  0.1682308E+04  0.6898392E+00
         464  0.1222878E+03  0.2025800E+04  0.9884419E+03  0.1698763E+04  0.6898392E+00
         465  0.2330790E+03  0.2036600E+04  0.9972891E+03  0.1715351E+04  0.6898392E+00
         466 -0.1458161E+03  0.2047400E+04  0.1006209E+04  0.1732092E+04  0.6898392E+00
         467 -0.1883045E+02  0.2058200E+04  0.1015178E+04  0.1748984E+04  0.6898392E+00
         468 -0.1409960E+03  0.2069000E+04  0.1024259E+04  0.1766038E+04  0.6898392E+00
         469  0.2419170E+02  0.2079900E+04  0.1033377E+04  0.1783226E+04  0.6898392E+00
         470  0.3104000E+02  0.2090700E+04  0.1042607E+04  0.1800585E+04  0.6898392E+00
         471  0.1396214E+03  0.2101500E+04  0.1051911E+04  0.1818095E+04  0.6898392E+00
         472  0.1801416E+03  0.2112300E+04  0.1061276E+04  0.1835732E+04  0.6898392E+00
         473  0.1334168E+02  0.2123100E+04  0.1070703E+04  0.1853560E+04  0.6898392E+00
         474 -0.1883914E+03  0.2133800E+04  0.1080242E+04  0.1871529E+04  0.6898392E+00
         475  0.5703364E+02  0.2144500E+04  0.1089844E+04  0.1889663E+04  0.6898392E+00
         476 -0.5315702E+02  0.2155200E+04  0.1099517E+04  0.1907941E+04  0.6898392E+00
         477 -0.6024105E+02  0.2165800E+04  0.1109291E+04  0.1926400E+04  0.6898392E+00
         478 -0.2290549E+03  0.2176300E+04  0.1119151E+04  0.1945024E+04  0.6898392E+00
         479  0.4049600E+02  0.2186800E+04  0.1129084E+04  0.1963793E+04  0.6898392E+00
         480  0.2409086E+03  0.2197200E+04  0.1139105E+04  0.1982732E+04  0.6898392E+00
         481  0.1560770E+03  0.2207600E+04  0.1149186E+04  0.2001837E+04  0.6898392E+00
         482  0.1430699E+03  0.2217800E+04  0.1159365E+04  0.2021107E+04  0.6898392E+00
         483 -0.2726775E+03  0.2228000E+04  0.1169620E+04  0.2040568E+04  0.6898392E+00
         484 -0.1050899E+03  0.2238100E+04  0.1179985E+04  0.2060176E+04  0.6898392E+00
         485 -0.1272585E+03  0.2248100E+04  0.1190423E+04  0.2079966E+04  0.6898392E+00
         486 -0.2140853E+03  0.2258000E+04  0.1200947E+04  0.2099927E+04  0.6898392E+00
         487 -0.3698710E+03  0.2267800E+04  0.1211558E+04  0.2120057E+04  0.6898392E+00
         488 -0.3443646E+01  0.2277500E+04  0.1222241E+04  0.2140354E+04  0.6898392E+00
         489  0.1826285E+03  0.2287000E+04  0.1233023E+04  0.2160844E+04  0.6898392E+00
         490 -0.2656593E+03  0.2296500E+04  0.1243929E+04  0.2181483E+04  0.6898392E+00
         491  0.1750907E+03  0.2305800E+04  0.1254857E+04  0.2202328E+04  0.6898392E+00
         492 -0.6953477E+02  0.2314900E+04  0.1265933E+04  0.2223351E+04  0.6898392E+00
         493  0.1291164E+03  0.2323900E+04  0.1277083E+04  0.2244563E+04  0.6898392E+00
         494  0.2297223E+03  0.2332800E+04  0.1288318E+04  0.2265935E+04  0.6898392E+00
         495  0.1549604E+03  0.2341500E+04  0.1299639E+04  0.2287522E+04  0.6898392E+00
         496 -0.1992739E+02  0.2350100E+04  0.1311057E+04  0.2309260E+04  0.6898392E+00
         497  0.2514363E+02  0.2358600E+04  0.1322585E+04  0.2331192E+04  0.6898392E+00
         498  0.2239026E+02  0.2366800E+04  0.1334199E+04  0.2353309E+04  0.6898392E+00
         499  0.1159665E+03  0.2374900E+04  0.1345911E+04  0.2375630E+04  0.6898392E+00
         500  0.8194411E+02  0.2382900E+04  0.1357694E+04  0.2398134E+04  0.6898392E+00
         501 -0.5293536E+02  0.2390700E+04  0.1126750E+04  0.2420814E+04  0.6432783E+00
         502  0.1656444E+03  0.2398300E+04  0.1136617E+04  0.2443723E+04  0.6432783E+00
         503  0.1411130E+02  0.2405700E+04  0.1146568E+04  0.2466802E+04  0.6432783E+00
         504  0.3975072E+01  0.2413000E+04  0.1156604E+04  0.2490075E+04  0.6432783E+00
         505  0.4717287E+02  0.2420000E+04  0.1166701E+04  0.2513545E+04  0.6432783E+00
         506  0.1152325E+03  0.2426900E+04  0.1176895E+04  0.2537243E+04  0.6432783E+00
         507  0.1072025E+02  0.2433600E+04  0.1187148E+04  0.2561101E+04  0.6432783E+00
         508  0.8062337E+01  0.2440100E+04  0.1197524E+04  0.2585154E+04  0.6432783E+00
         509  0.2263548E+03  0.2446400E+04  0.1207960E+04  0.2609461E+04  0.6432783E+00
         510  0.1948147E+03  0.2452400E+04  0.1218455E+04  0.2633934E+04  0.6432783E+00
         511  0.2849468E+03  0.2458300E+04  0.1229047E+04  0.2658610E+04  0.6432783E+00
         512 -0.1324803E+03  0.2464000E+04  0.1239737E+04  0.2683508E+04  0.6432783E+00
         513 -0.7326037E+02  0.2469400E+04  0.1250523E+04  0.2708581E+04  0.6432783E+00
         514 -0.4511316E+02  0.2474700E+04  0.1261394E+04  0.2733911E+04  0.6432783E+00
         515  0.9553302E+02  0.2479700E+04  0.1272324E+04  0.2759411E+04  0.6432783E+00
         516  0.1005176E+03  0.2484500E+04  0.1283350E+04  0.2785148E+04  0.6432783E+00
         517 -0.4779642E+02  0.2489100E+04  0.1294448E+04  0.2811100E+04  0.6432783E+00
         518  0.2997675E+02  0.2493400E+04  0.1305668E+04  0.2837235E+04  0.6432783E+00
         519 -0.6107568E+02  0.2497500E+04  0.1316947E+04  0.2863601E+04  0.6432783E+00
         520 -0.1324833E+03  0.2501400E+04  0.1328334E+04  0.2890189E+04  0.6432783E+00
         521 -0.1304963E+03  0.2505100E+04  0.1339803E+04  0.2916981E+04  0.6432783E+00
         522  0.1208887E+03  0.2508500E+04  0.1351359E+04  0.2943991E+04  0.6432783E+00
         523 -0.2136737E+03  0.2511700E+04  0.1363009E+04  0.2971253E+04  0.6432783E+00
         524  0.4104829E+02  0.2514700E+04  0.1374755E+04  0.2998713E+04  0.6432783E+00
         525 -0.1691674E+03  0.2517500E+04  0.1386584E+04  0.3026382E+04  0.6432783E+00
         526 -0.1808982E+03  0.2520000E+04  0.1398498E+04  0.3054282E+04  0.6432783E+00
         527  0.8773604E+01  0.2522300E+04  0.1410506E+04  0.3082420E+04  0.6432783E+00
         528 -0.1339005E+03  0.2524400E+04  0.1422622E+04  0.3110761E+04  0.6432783E+00
         529  0.3758378E+03  0.2526300E+04  0.1434822E+04  0.3139362E+04  0.6432783E+00
         530 -0.1570634E+03  0.2527900E+04  0.1447091E+04  0.3168161E+04  0.6432783E+00
         531  0.1536750E+02  0.2529300E+04  0.1459493E+04  0.3197213E+04  0.6432783E+00
         532  0.2658590E+02  0.2530400E+04  0.1471990E+04  0.3226478E+04  0.6432783E+00
         533  0.1141946E+03  0.2531300E+04  0.1484559E+04  0.3255990E+04  0.6432783E+00
         534  0.1156975E+03  0.2532000E+04  0.1497234E+04  0.3285733E+04  0.6432783E+00
         535 -0.1508938E+03  0.2532500E+04  0.1510001E+04  0.3315699E+04  0.6432783E+00
         536  0.1066229E+03  0.2532700E+04  0.1522891E+04  0.3345904E+04  0.6432783E+00
         537  0.6714611E+02  0.2532700E+04  0.1535849E+04  0.3376371E+04  0.6432783E+00
         538  0.3190470E+03  0.2532500E+04  0.1548926E+04  0.3407050E+04  0.6432783E+00
         539 -0.1736732E+03  0.2532000E+04  0.1562061E+04  0.3437966E+04  0.6432783E+00
         540  0.2980116E+03  0.2531300E+04  0.1575340E+04  0.3469149E+04  0.6432783E+00
         541  0.1492394E+03  0.2530300E+04  0.1588725E+04  0.3500561E+04  0.6432783E+00
         542  0.5440313E+02  0.2529200E+04  0.1602190E+04  0.3532230E+04  0.6432783E+00
         543  0.4453713E+02  0.2527700E+04  0.1615751E+04  0.3564125E+04  0.6432783E+00
         544 -0.2454137E+03  0.2526100E+04  0.1629442E+04  0.3596294E+04  0.6432783E+00
         545 -0.1820229E+03  0.2524300E+04  0.1643214E+04  0.3628707E+04  0.6432783E+00
         546  0.1159715E+03  0.2522200E+04  0.1657103E+04  0.3661342E+04  0.6432783E+00
         547  0.2080040E+03  0.2519900E+04  0.1671101E+04  0.3694252E+04  0.6432783E+00
         548  0.1408800E+03  0.2517300E+04  0.1685201E+04  0.3727423E+04  0.6432783E+00
         549  0.3377880E+02  0.2514600E+04  0.1699418E+04  0.3760833E+04  0.6432783E+00
         550  0.2057336E+03  0.2511700E+04  0.1713731E+04  0.3794512E+04  0.6432783E+00
         551 -0.4003552E+03  0.2508500E+04  0.1728158E+04  0.3828461E+04  0.6432783E+00
         552  0.1380381E+03  0.2505100E+04  0.1742707E+04  0.3862668E+04  0.6432783E+00
         553  0.6632873E+02  0.2501500E+04  0.1757357E+04  0.3897135E+04  0.6432783E+00
         554  0.1183438E+03  0.2497700E+04  0.1772098E+04  0.3931846E+04  0.6432783E+00
         555  0.1452553E+03  0.2493800E+04  0.1786972E+04  0.3966847E+04  0.6432783E+00
         556 -0.4652791E+02  0.2489600E+04  0.1801957E+04  0.4002109E+04  0.6432783E+00
         557 -0.9950744E+02  0.2485200E+04  0.1817064E+04  0.4037655E+04  0.6432783E+00
         558  0.6507987E+02  0.2480600E+04  0.1832297E+04  0.4073488E+04  0.6432783E+00
         559  0.2892433E+03  0.2475800E+04  0.1847620E+04  0.4109565E+04  0.6432783E+00
         560 -0.7186140E+02  0.2470800E+04  0.1863076E+04  0.4145941E+04  0.6432783E+00
         561  0.2171431E+02  0.2465600E+04  0.1878641E+04  0.4182570E+04  0.6432783E+00
         562 -0.1335770E+03  0.2460300E+04  0.1894323E+04  0.4219536E+04  0.6432783E+00
         563 -0.3974861E+03  0.2454700E+04  0.1910161E+04  0.4256737E+04  0.6432783E+00
         564  0.3010215E+03  0.2449000E+04  0.1926099E+04  0.4294213E+04  0.6432783E+00
         565  0.2145253E+03  0.2443100E+04  0.1942152E+04  0.4332079E+04  0.6432783E+00
         566 -0.3222160E+02  0.2437000E+04  0.1958330E+04  0.4370151E+04  0.6432783E+00
         567 -0.4545795E+03  0.2430700E+04  0.1974648E+04  0.4408517E+04  0.6432783E+00
         568 -0.4820735E+03  0.2424300E+04  0.1991066E+04  0.4447184E+04  0.6432783E+00
         569 -0.4296494E+02  0.2417600E+04  0.2007649E+04  0.4486145E+04  0.6432783E+00
         570  0.1408667E+03  0.2410900E+04  0.2024331E+04  0.4525424E+04  0.6432783E+00
         571  0.1755108E+03  0.2404000E+04  0.2041178E+04  0.4565095E+04  0.6432783E+00
         572 -0.7602983E+01  0.2396900E+04  0.2058124E+04  0.4604977E+04  0.6432783E+00
         573  0.6669714E+02  0.2389700E+04  0.2075208E+04  0.4645163E+04  0.6432783E+00
         574  0.5815533E+03  0.2382300E+04  0.2092442E+04  0.4685754E+04  0.6432783E+00
         575  0.1979752E+03  0.2374800E+04  0.2109799E+04  0.4726569E+04  0.6432783E+00
         576 -0.5290244E+03  0.2367100E+04  0.2127304E+04  0.4767868E+04  0.6432783E+00
         577  0.9217743E+02  0.2359400E+04  0.2144923E+04  0.4809278E+04  0.6432783E+00
         578  0.5656146E+02  0.2351500E+04  0.2162715E+04  0.4851158E+04  0.6432783E+00
         579  0.1568766E+03  0.2343400E+04  0.2180614E+04  0.4893194E+04  0.6432783E+00
         580  0.2388139E+03  0.2335300E+04  0.2198650E+04  0.4935637E+04  0.6432783E+00
         581  0.3355097E+03  0.2327100E+04  0.2216860E+04  0.4978454E+04  0.6432783E+00
         582  0.2228495E+03  0.2318700E+04  0.2235191E+04  0.5021731E+04  0.6432783E+00
         583 -0.3803002E+03  0.2310200E+04  0.2253694E+04  0.5065120E+04  0.6432783E+00
         584  0.1561727E+02  0.2301700E+04  0.2272328E+04  0.5108949E+04  0.6432783E+00
         585  0.6844633E+01  0.2293000E+04  0.2291117E+04  0.5153174E+04  0.6432783E+00
         586 -0.2688526E+03  0.2284300E+04  0.2310043E+04  0.5197785E+04  0.6432783E+00
         587 -0.1034164E+03  0.2275500E+04  0.2329116E+04  0.5242668E+04  0.6432783E+00
         588  0.2745234E+03  0.2266500E+04  0.2348343E+04  0.5288131E+04  0.6432783E+00
         589  0.1783076E+03  0.2257500E+04  0.2367741E+04  0.5333758E+04  0.6432783E+00
         590  0.7562066E+02  0.2248500E+04  0.2387268E+04  0.5379611E+04  0.6432783E+00
         591 -0.7980234E+02  0.2239400E+04  0.2406991E+04  0.5426166E+04  0.6432783E+00
         592 -0.2402774E+02  0.2230200E+04  0.2426825E+04  0.5472835E+04  0.6432783E+00
         593  0.3161790E+03  0.2220900E+04  0.2446854E+04  0.5519827E+04  0.6432783E+00
         594 -0.4559390E+02  0.2211600E+04  0.2467011E+04  0.5567368E+04  0.6432783E+00
         595  0.1729525E+03  0.2202200E+04  0.2487355E+04  0.5615394E+04  0.6432783E+00
         596 -0.4635861E+02  0.2192800E+04  0.2507860E+04  0.5663440E+04  0.6432783E+00
         597  0.3965811E+03  0.2183400E+04  0.2528516E+04  0.5712338E+04  0.6432783E+00
         598 -0.9308601E+02  0.2173900E+04  0.2549358E+04  0.5761353E+04  0.6432783E+00
         599  0.8779434E+02  0.2164400E+04  0.2570344E+04  0.5810759E+04  0.6432783E+00
         600 -0.7664361E+02  0.2154900E+04  0.2591506E+04  0.5860710E+04  0.6432783E+00
         601 -0.5566827E+03  0.2145300E+04  0.2612845E+04  0.5910931E+04  0.6432783E+00
         602  0.1489962E+03  0.2135700E+04  0.2634342E+04  0.5961759E+04  0.6432783E+00
         603  0.5854415E+03  0.2126100E+04  0.2656033E+04  0.6012699E+04  0.6432783E+00
         604 -0.5024579E+03  0.2116500E+04  0.2677890E+04  0.6064184E+04  0.6432783E+00
         605  0.2999195E+02  0.2106900E+04  0.2699922E+04  0.6115997E+04  0.6432783E+00
         606  0.3008543E+03  0.2097300E+04  0.2722104E+04  0.6168585E+04  0.6432783E+00
         607  0.2123735E+03  0.2087700E+04  0.2744511E+04  0.6221277E+04  0.6432783E+00
         608  0.4290451E+03  0.2078100E+04  0.2767057E+04  0.6274357E+04  0.6432783E+00
         609  0.3437401E+03  0.2068600E+04  0.2789828E+04  0.6327929E+04  0.6432783E+00
         610  0.3357214E+03  0.2059000E+04  0.2812748E+04  0.6382106E+04  0.6432783E+00
         611  0.7719812E+02  0.2049500E+04  0.2835856E+04  0.6436551E+04  0.6432783E+00
         612 -0.3444870E+02  0.2040000E+04  0.2859164E+04  0.6491435E+04  0.6432783E+00
         613  0.1210105E+03  0.2030500E+04  0.2882658E+04  0.6546989E+04  0.6432783E+00
         614  0.3844067E+03  0.2021100E+04  0.2906327E+04  0.6602745E+04  0.6432783E+00
         615  0.1127528E+03  0.2011700E+04  0.2930181E+04  0.6659060E+04  0.6432783E+00
         616 -0.2361135E+03  0.2002400E+04  0.2954266E+04  0.6715921E+04  0.6432783E+00
         617  0.9015395E+02  0.1993100E+04  0.2978523E+04  0.6773104E+04  0.6432783E+00
         618 -0.1696108E+03  0.1983800E+04  0.3002974E+04  0.6830671E+04  0.6432783E+00
         619 -0.3674342E+03  0.1974700E+04  0.3027621E+04  0.6888776E+04  0.6432783E+00
         620  0.1635518E+03  0.1965600E+04  0.3052434E+04  0.6947443E+04  0.6432783E+00
         621  0.4013854E+02  0.1956500E+04  0.3077476E+04  0.7006477E+04  0.6432783E+00
         622  0.2113841E+03  0.1947500E+04  0.3102747E+04  0.7066070E+04  0.6432783E+00
         623  0.8556959E+02  0.1938600E+04  0.3128201E+04  0.7126030E+04  0.6432783E+00
         624 -0.9828906E+02  0.1929800E+04  0.3153840E+04  0.7186482E+04  0.6432783E+00
         625  0.9832020E+02  0.1921100E+04  0.3179686E+04  0.7247583E+04  0.6432783E+00
         626 -0.4075562E+03  0.1912400E+04  0.3205766E+04  0.7308957E+04  0.6432783E+00
         627  0.2035202E+03  0.1903800E+04  0.3232054E+04  0.7370761E+04  0.6432783E+00
         628  0.2161428E+02  0.1895400E+04  0.3258523E+04  0.7433327E+04  0.6432783E+00
         629  0.1600236E+03  0.1887000E+04  0.3285225E+04  0.7496264E+04  0.6432783E+00
         630  0.3534278E+03  0.1878700E+04  0.3312140E+04  0.7559746E+04  0.6432783E+00
         631 -0.3272955E+03  0.1870600E+04  0.3339263E+04  0.7623779E+04  0.6432783E+00
         632  0.6223262E+02  0.1862500E+04  0.3366615E+04  0.7688172E+04  0.6432783E+00
         633 -0.4537448E+03  0.1854600E+04  0.3394180E+04  0.7753336E+04  0.6432783E+00
         634  0.1183862E+02  0.1846800E+04  0.3421956E+04  0.7818697E+04  0.6432783E+00
         635  0.3972350E+03  0.1839100E+04  0.3449968E+04  0.7884821E+04  0.6432783E+00
         636 -0.2148632E+03  0.1831500E+04  0.3478209E+04  0.7951308E+04  0.6432783E+00
         637  0.3079078E+03  0.1824100E+04  0.3506641E+04  0.8018342E+04  0.6432783E+00
         638  0.1888056E+03  0.1816800E+04  0.3535327E+04  0.8086197E+04  0.6432783E+00
         639 -0.2976337E+03  0.1809600E+04  0.3564280E+04  0.8154188E+04  0.6432783E+00
         640  0.2489179E+03  0.1802600E+04  0.3593416E+04  0.8222801E+04  0.6432783E+00
         641 -0.3634927E+03  0.1795800E+04  0.3622790E+04  0.8292107E+04  0.6432783E+00
         642 -0.1909083E+03  0.1789000E+04  0.3652419E+04  0.8362090E+04  0.6432783E+00
         643  0.2187154E+02  0.1782500E+04  0.3682264E+04  0.8432202E+04  0.6432783E+00
         644  0.2621529E+03  0.1776000E+04  0.3712363E+04  0.8503077E+04  0.6432783E+00
         645  0.8604110E+02  0.1769800E+04  0.3742680E+04  0.8574779E+04  0.6432783E+00
         646  0.1684074E+03  0.1763700E+04  0.3773263E+04  0.8646599E+04  0.6432783E+00
         647 -0.1487415E+02  0.1757700E+04  0.3804077E+04  0.8719240E+04  0.6432783E+00
         648 -0.1365828E+03  0.1751900E+04  0.3835128E+04  0.8792650E+04  0.6432783E+00
         649 -0.8339771E+02  0.1746300E+04  0.3866465E+04  0.8866283E+04  0.6432783E+00
         650  0.2822097E+03  0.1740800E+04  0.3898023E+04  0.8940425E+04  0.6432783E+00
         651 -0.3265271E+02  0.1735500E+04  0.3929834E+04  0.9015646E+04  0.6432783E+00
         652 -0.1635612E+03  0.1730400E+04  0.3961923E+04  0.9091197E+04  0.6432783E+00
         653 -0.1841126E+03  0.1725400E+04  0.3994250E+04  0.9167144E+04  0.6432783E+00
         654  0.3094709E+03  0.1720700E+04  0.4026849E+04  0.9244112E+04  0.6432783E+00
         655  0.3039175E+03  0.1716000E+04  0.4059633E+04  0.9321469E+04  0.6432783E+00
         656  0.1224063E+03  0.1711600E+04  0.4092738E+04  0.9399206E+04  0.6432783E+00
         657 -0.7030072E+02  0.1707400E+04  0.4126128E+04  0.9477709E+04  0.6432783E+00
         658  0.8647050E+02  0.1703300E+04  0.4159771E+04  0.9557075E+04  0.6432783E+00
         659  0.2138494E+03  0.1699400E+04  0.4193663E+04  0.9637034E+04  0.6432783E+00
         660 -0.6562354E+03  0.1695700E+04  0.4227804E+04  0.9717333E+04  0.6432783E+00
         661 -0.6131039E+02  0.1692200E+04  0.4262217E+04  0.9798472E+04  0.6432783E+00
         662  0.2975322E+03  0.1688900E+04  0.4296936E+04  0.9880217E+04  0.6432783E+00
         663  0.4304874E+03  0.1685700E+04  0.4331925E+04  0.9962550E+04  0.6432783E+00
         664 -0.3527487E+03  0.1682800E+04  0.4367195E+04  0.1004570E+05  0.6432783E+00
         665  0.3047371E+03  0.1680100E+04  0.4402757E+04  0.1012944E+05  0.6432783E+00
         666  0.1773835E+03  0.1677500E+04  0.4438566E+04  0.1021381E+05  0.6432783E+00
         667 -0.2447833E+03  0.1675200E+04  0.4474644E+04  0.1029872E+05  0.6432783E+00
         668 -0.5292436E+01  0.1673000E+04  0.4511044E+04  0.1038431E+05  0.6432783E+00
         669 -0.4876040E+03  0.1671100E+04  0.4547767E+04  0.1047067E+05  0.6432783E+00
         670  0.7048433E+02  0.1669300E+04  0.4584678E+04  0.1055766E+05  0.6432783E+00
         671  0.1421992E+03  0.1667800E+04  0.4621987E+04  0.1064551E+05  0.6432783E+00
         672  0.1769694E+03  0.1666400E+04  0.4659485E+04  0.1073392E+05  0.6432783E+00
         673 -0.1217979E+03  0.1665200E+04  0.4697348E+04  0.1082297E+05  0.6432783E+00
         674  0.1154191E+03  0.1664200E+04  0.4735503E+04  0.1091302E+05  0.6432783E+00
         675  0.2327912E+03  0.1663500E+04  0.4773947E+04  0.1100328E+05  0.6432783E+00
         676  0.3245511E+03  0.1662900E+04  0.4812705E+04  0.1109455E+05  0.6432783E+00
         677  0.9197093E+03  0.1662500E+04  0.4851750E+04  0.1118643E+05  0.6432783E+00
         678 -0.1920183E+03  0.1662300E+04  0.4891055E+04  0.1127917E+05  0.6432783E+00
         679 -0.5016462E+03  0.1662300E+04  0.4930842E+04  0.1137251E+05  0.6432783E+00
         680 -0.2318564E+03  0.1662400E+04  0.4970677E+04  0.1146669E+05  0.6432783E+00
         681  0.4288671E+02  0.1662800E+04  0.5011077E+04  0.1156145E+05  0.6432783E+00
         682 -0.9647890E+02  0.1663400E+04  0.5051646E+04  0.1165708E+05  0.6432783E+00
         683 -0.3939000E+01  0.1664100E+04  0.5092569E+04  0.1175328E+05  0.6432783E+00
         684 -0.2174384E+03  0.1665100E+04  0.5133660E+04  0.1185036E+05  0.6432783E+00
         685  0.1113003E+02  0.1666200E+04  0.5175311E+04  0.1194821E+05  0.6432783E+00
         686  0.1701441E+03  0.1667600E+04  0.5217104E+04  0.1204671E+05  0.6432783E+00
         687  0.5058463E+03  0.1669100E+04  0.5259222E+04  0.1214583E+05  0.6432783E+00
         688  0.7361716E+03  0.1670800E+04  0.5301738E+04  0.1224595E+05  0.6432783E+00
         689 -0.6723417E+03  0.1672700E+04  0.5344646E+04  0.1234698E+05  0.6432783E+00
         690  0.5371646E+03  0.1674800E+04  0.5387927E+04  0.1244836E+05  0.6432783E+00
         691  0.5405265E+03  0.1677100E+04  0.5431275E+04  0.1255077E+05  0.6432783E+00
         692 -0.6262460E+03  0.1679500E+04  0.5475062E+04  0.1265404E+05  0.6432783E+00
         693  0.5081208E+01  0.1682200E+04  0.5519170E+04  0.1275791E+05  0.6432783E+00
         694  0.2591300E+03  0.1685000E+04  0.5563689E+04  0.1286257E+05  0.6432783E+00
         695 -0.5861217E+03  0.1688000E+04  0.5608552E+04  0.1296817E+05  0.6432783E+00
         696 -0.8451346E+02  0.1691200E+04  0.5653777E+04  0.1307452E+05  0.6432783E+00
         697 -0.1994592E+03  0.1694500E+04  0.5699364E+04  0.1318146E+05  0.6432783E+00
         698 -0.4416740E+03  0.1698000E+04  0.5745110E+04  0.1328946E+05  0.6432783E+00
         699 -0.8496263E+01  0.1701700E+04  0.5791215E+04  0.1339813E+05  0.6432783E+00
         700 -0.5702270E+01  0.1705600E+04  0.5837931E+04  0.1350757E+05  0.6432783E+00
         701 -0.9728780E+02  0.1709600E+04  0.5884777E+04  0.1361786E+05  0.6432783E+00
         702 -0.4221524E+03  0.1713800E+04  0.5932007E+04  0.1372919E+05  0.6432783E+00
         703  0.2587624E+02  0.1718100E+04  0.5979632E+04  0.1384116E+05  0.6432783E+00
         704  0.2849330E+03  0.1722600E+04  0.6027569E+04  0.1395390E+05  0.6432783E+00
         705  0.9081456E+03  0.1727200E+04  0.6075885E+04  0.1406752E+05  0.6432783E+00
         706 -0.4370064E+03  0.1732000E+04  0.6124619E+04  0.1418216E+05  0.6432783E+00
         707  0.8827763E+02  0.1736900E+04  0.6173676E+04  0.1429716E+05  0.6432783E+00
         708  0.4971357E+03  0.1742000E+04  0.6223136E+04  0.1441347E+05  0.6432783E+00
         709 -0.2967494E+03  0.1747200E+04  0.6272720E+04  0.1453035E+05  0.6432783E+00
         710 -0.1337797E+02  0.1752600E+04  0.6322940E+04  0.1464855E+05  0.6432783E+00
         711 -0.2167674E+03  0.1758100E+04  0.6373466E+04  0.1476730E+05  0.6432783E+00
         712  0.1691990E+03  0.1763700E+04  0.6424401E+04  0.1488663E+05  0.6432783E+00
         713 -0.5163707E+03  0.1769500E+04  0.6475497E+04  0.1500709E+05  0.6432783E+00
         714  0.1374548E+03  0.1775400E+04  0.6527183E+04  0.1512827E+05  0.6432783E+00
         715 -0.4662825E+03  0.1781400E+04  0.6579208E+04  0.1525081E+05  0.6432783E+00
         716  0.6071367E+03  0.1787500E+04  0.6631638E+04  0.1537391E+05  0.6432783E+00
         717  0.4690305E+03  0.1793800E+04  0.6684320E+04  0.1549785E+05  0.6432783E+00
         718  0.8597355E+03  0.1800200E+04  0.6737536E+04  0.1562281E+05  0.6432783E+00
         719  0.2149861E+03  0.1806700E+04  0.6791076E+04  0.1574833E+05  0.6432783E+00
         720  0.2928559E+03  0.1813300E+04  0.6845113E+04  0.1587518E+05  0.6432783E+00
         721 -0.6217645E+03  0.1820000E+04  0.6899470E+04  0.1600259E+05  0.6432783E+00
         722 -0.6069777E+03  0.1826800E+04  0.6954035E+04  0.1613129E+05  0.6432783E+00
         723  0.1132118E+03  0.1833800E+04  0.7009421E+04  0.1626079E+05  0.6432783E+00
         724 -0.5366742E+03  0.1840800E+04  0.7064833E+04  0.1639112E+05  0.6432783E+00
         725 -0.6438997E+01  0.1847900E+04  0.7120735E+04  0.1652217E+05  0.6432783E+00
         726 -0.6821866E+02  0.1855100E+04  0.7176988E+04  0.1665437E+05  0.6432783E+00
         727  0.3063481E+03  0.1862300E+04  0.7233726E+04  0.1678782E+05  0.6432783E+00
         728  0.1905995E+03  0.1869700E+04  0.7290698E+04  0.1692177E+05  0.6432783E+00
         729 -0.6384755E+03  0.1877100E+04  0.7348447E+04  0.1705689E+05  0.6432783E+00
         730  0.5510103E+03  0.1884700E+04  0.7406247E+04  0.1719296E+05  0.6432783E+00
         731  0.9551507E+03  0.1892200E+04  0.7464822E+04  0.1732984E+05  0.6432783E+00
         732 -0.2745515E+02  0.1899900E+04  0.7523479E+04  0.1746796E+05  0.6432783E+00
         733  0.1964938E+03  0.1907600E+04  0.7582876E+04  0.1760695E+05  0.6432783E+00
         734  0.7625187E+03  0.1915400E+04  0.7642437E+04  0.1774696E+05  0.6432783E+00
         735 -0.7250688E+03  0.1923200E+04  0.7702652E+04  0.1788748E+05  0.6432783E+00
         736 -0.7896488E+02  0.1931100E+04  0.7763055E+04  0.1802956E+05  0.6432783E+00
         737 -0.2159421E+03  0.1939100E+04  0.7824015E+04  0.1817267E+05  0.6432783E+00
         738 -0.2189446E+03  0.1947100E+04  0.7885532E+04  0.1831649E+05  0.6432783E+00
         739 -0.4812794E+03  0.1955100E+04  0.7947194E+04  0.1846137E+05  0.6432783E+00
         740  0.1618246E+03  0.1963200E+04  0.8009753E+04  0.1860756E+05  0.6432783E+00
         741  0.5037096E+03  0.1971300E+04  0.8072242E+04  0.1875449E+05  0.6432783E+00
         742 -0.5872515E+03  0.1979400E+04  0.8135284E+04  0.1890267E+05  0.6432783E+00
         743  0.6689496E+03  0.1987600E+04  0.8199116E+04  0.1905165E+05  0.6432783E+00
         744 -0.4732192E+03  0.1995700E+04  0.8263102E+04  0.1920188E+05  0.6432783E+00
         745 -0.1519587E+03  0.2004000E+04  0.8327752E+04  0.1935312E+05  0.6432783E+00
         746  0.4274261E+03  0.2012200E+04  0.8392546E+04  0.1950537E+05  0.6432783E+00
         747 -0.1862035E+03  0.2020400E+04  0.8458095E+04  0.1965887E+05  0.6432783E+00
         748  0.2350890E+03  0.2028600E+04  0.8524249E+04  0.1981340E+05  0.6432783E+00
         749  0.7666352E+03  0.2036900E+04  0.8590628E+04  0.1996894E+05  0.6432783E+00
         750 -0.2000085E+03  0.2045100E+04  0.8657460E+04  0.2012537E+05  0.6432783E+00
         751 -0.5545942E+03  0.2053300E+04  0.8724866E+04  0.2028315E+05  0.6432783E+00
         752 -0.2450989E+03  0.2061500E+04  0.8792718E+04  0.2044215E+05  0.6432783E+00
         753  0.2931904E+03  0.2069700E+04  0.8861143E+04  0.2060218E+05  0.6432783E+00
         754  0.3712572E+02  0.2077900E+04  0.8930008E+04  0.2076325E+05  0.6432783E+00
         755 -0.3398847E+03  0.2086000E+04  0.8999108E+04  0.2092550E+05  0.6432783E+00
         756  0.5845084E+03  0.2094100E+04  0.9069004E+04  0.2108861E+05  0.6432783E+00
         757  0.6551644E+02  0.2102200E+04  0.9139328E+04  0.2125326E+05  0.6432783E+00
         758 -0.2137383E+03  0.2110200E+04  0.9210219E+04  0.2141910E+05  0.6432783E+00
         759  0.7613551E+03  0.2118200E+04  0.9281361E+04  0.2158616E+05  0.6432783E+00
         760 -0.6501904E+03  0.2126200E+04  0.9353463E+04  0.2175405E+05  0.6432783E+00
         761  0.8428834E+03  0.2134100E+04  0.9425810E+04  0.2192332E+05  0.6432783E+00
         762 -0.2608354E+03  0.2141900E+04  0.9498397E+04  0.2209377E+05  0.6432783E+00
         763  0.4599574E+03  0.2149700E+04  0.9571937E+04  0.2226522E+05  0.6432783E+00
         764  0.2856207E+03  0.2157400E+04  0.9646060E+04  0.2243805E+05  0.6432783E+00
         765 -0.2270174E+03  0.2165000E+04  0.9720067E+04  0.2261207E+05  0.6432783E+00
         766  0.5557593E+03  0.2172600E+04  0.9795393E+04  0.2278745E+05  0.6432783E+00
         767  0.1718542E+04  0.2180100E+04  0.9870946E+04  0.2296401E+05  0.6432783E+00
         768 -0.1385041E+03  0.2187500E+04  0.9946917E+04  0.2314156E+05  0.6432783E+00
         769 -0.5515803E+03  0.2194800E+04  0.1002330E+05  0.2332063E+05  0.6432783E+00
         770  0.5840910E+03  0.2202000E+04  0.1010080E+05  0.2350072E+05  0.6432783E+00
         771 -0.5010783E+03  0.2209200E+04  0.1017819E+05  0.2368215E+05  0.6432783E+00
         772  0.7566014E+03  0.2216200E+04  0.1025652E+05  0.2386473E+05  0.6432783E+00
         773 -0.3770867E+03  0.2223200E+04  0.1033545E+05  0.2404866E+05  0.6432783E+00
         774  0.4264313E+03  0.2230100E+04  0.1041477E+05  0.2423412E+05  0.6432783E+00
         775  0.3006186E+03  0.2236800E+04  0.1049450E+05  0.2442057E+05  0.6432783E+00
         776  0.1399948E+03  0.2243500E+04  0.1057500E+05  0.2460852E+05  0.6432783E+00
         777  0.1576919E+04  0.2250000E+04  0.1065626E+05  0.2479779E+05  0.6432783E+00
         778 -0.1642146E+04  0.2256500E+04  0.1073792E+05  0.2498786E+05  0.6432783E+00
         779  0.1516535E+03  0.2262800E+04  0.1081997E+05  0.2517978E+05  0.6432783E+00
         780  0.1638846E+03  0.2269000E+04  0.1090281E+05  0.2537285E+05  0.6432783E+00
         781 -0.1520561E+04  0.2275100E+04  0.1098620E+05  0.2556762E+05  0.6432783E+00
         782 -0.7429693E+03  0.2281100E+04  0.1107018E+05  0.2576333E+05  0.6432783E+00
         783 -0.4907187E+03  0.2287000E+04  0.1115492E+05  0.2596012E+05  0.6432783E+00
         784  0.1091316E+03  0.2292700E+04  0.1124004E+05  0.2615886E+05  0.6432783E+00
         785  0.7546454E+03  0.2298300E+04  0.1132573E+05  0.2635880E+05  0.6432783E+00
         786 -0.5121810E+03  0.2303700E+04  0.1141200E+05  0.2656011E+05  0.6432783E+00
         787  0.3845593E+03  0.2309000E+04  0.1149882E+05  0.2676277E+05  0.6432783E+00
         788 -0.1287217E+03  0.2314200E+04  0.1158640E+05  0.2696661E+05  0.6432783E+00
         789 -0.1111774E+02  0.2319200E+04  0.1167492E+05  0.2717218E+05  0.6432783E+00
         790 -0.6945839E+03  0.2324100E+04  0.1176364E+05  0.2737870E+05  0.6432783E+00
         791 -0.6300287E+03  0.2328900E+04  0.1185289E+05  0.2758694E+05  0.6432783E+00
         792 -0.3422876E+03  0.2333500E+04  0.1194289E+05  0.2779666E+05  0.6432783E+00
         793 -0.2574783E+03  0.2337900E+04  0.1203365E+05  0.2800809E+05  0.6432783E+00
         794 -0.3162571E+03  0.2342200E+04  0.1212495E+05  0.2822026E+05  0.6432783E+00
         795 -0.5058741E+03  0.2346300E+04  0.1221660E+05  0.2843444E+05  0.6432783E+00
         796 -0.5299898E+03  0.2350200E+04  0.1230900E+05  0.2864992E+05  0.6432783E+00
         797 -0.8100706E+03  0.2354000E+04  0.1240232E+05  0.2886667E+05  0.6432783E+00
         798 -0.3613148E+03  0.2357700E+04  0.1249599E+05  0.2908471E+05  0.6432783E+00
         799 -0.5871636E+03  0.2361100E+04  0.1259058E+05  0.2930471E+05  0.6432783E+00
         800 -0.6331805E+03  0.2364400E+04  0.1268552E+05  0.2952597E+05  0.6432783E+00
