           2  0.1630315E-02  0.1044748E-01
           3  0.3127932E-02  0.2141152E-01
           4  0.5053451E-02  0.3479106E-01
           5  0.7397285E-02  0.4998939E-01
           6  0.1015325E-01  0.6663712E-01
           7  0.1331716E-01  0.8450127E-01
           8  0.1688575E-01  0.1033972E+00
           9  0.2085700E-01  0.1232471E+00
          10  0.2522860E-01  0.1439744E+00
          11  0.2999949E-01  0.1655475E+00
          12  0.3516795E-01  0.1879977E+00
          13  0.4073340E-01  0.2112908E+00
          14  0.4669449E-01  0.2354314E+00
          15  0.5305204E-01  0.2603983E+00
          16  0.5980355E-01  0.2862289E+00
          17  0.6694762E-01  0.3129160E+00
          18  0.7448518E-01  0.3404168E+00
          19  0.8241682E-01  0.3687419E+00
          20  0.9074231E-01  0.3979034E+00
          21  0.9945793E-01  0.4278717E+00
          22  0.1085674E+00  0.4586491E+00
          23  0.1180687E+00  0.4901932E+00
          24  0.1279608E+00  0.5224937E+00
          25  0.1382430E+00  0.5555341E+00
          26  0.1489162E+00  0.5893043E+00
          27  0.1599805E+00  0.6237850E+00
          28  0.1714365E+00  0.6589574E+00
          29  0.1832820E+00  0.6947917E+00
          30  0.1955182E+00  0.7312544E+00
          31  0.2081430E+00  0.7683538E+00
          32  0.2211584E+00  0.8060437E+00
          33  0.2345643E+00  0.8443230E+00
          34  0.2483568E+00  0.8831444E+00
          35  0.2625425E+00  0.9225136E+00
          36  0.2771164E+00  0.9623598E+00
          37  0.2920777E+00  0.1002733E+01
          38  0.3074296E+00  0.1043533E+01
          39  0.3231695E+00  0.1084789E+01
          40  0.3392983E+00  0.1126463E+01
          41  0.3558170E+00  0.1168546E+01
          42  0.3727243E+00  0.1210980E+01
          43  0.3900163E+00  0.1253770E+01
          44  0.4076994E+00  0.1296903E+01
          45  0.4257713E+00  0.1340337E+01
          46  0.4442329E+00  0.1384070E+01
          47  0.4630801E+00  0.1428089E+01
          48  0.4823166E+00  0.1472332E+01
          49  0.5019432E+00  0.1516798E+01
          50  0.5219601E+00  0.1561470E+01
          51  0.5423642E+00  0.1606336E+01
          52  0.5631519E+00  0.1651400E+01
          53  0.5843265E+00  0.1696576E+01
          54  0.6058876E+00  0.1741903E+01
          55  0.6278456E+00  0.1787329E+01
          56  0.6501869E+00  0.1832854E+01
          57  0.6729115E+00  0.1878458E+01
          58  0.6960331E+00  0.1924129E+01
          59  0.7195377E+00  0.1969845E+01
          60  0.7434304E+00  0.2015590E+01
          61  0.7677104E+00  0.2061352E+01
          62  0.7923753E+00  0.2107117E+01
          63  0.8174407E+00  0.2152883E+01
          64  0.8428884E+00  0.2198624E+01
          65  0.8687121E+00  0.2244298E+01
          66  0.8949590E+00  0.2289909E+01
          67  0.9215724E+00  0.2335459E+01
          68  0.9485384E+00  0.2380906E+01
          69  0.9759619E+00  0.2426298E+01
          70  0.1003715E+01  0.2471577E+01
          71  0.1031857E+01  0.2516750E+01
          72  0.1060421E+01  0.2561813E+01
          73  0.1089360E+01  0.2606701E+01
          74  0.1118699E+01  0.2651450E+01
          75  0.1148391E+01  0.2696059E+01
          76  0.1178493E+01  0.2740559E+01
          77  0.1208969E+01  0.2784831E+01
          78  0.1239883E+01  0.2828922E+01
          79  0.1271134E+01  0.2872838E+01
          80  0.1302774E+01  0.2916609E+01
          81  0.1334814E+01  0.2960154E+01
          82  0.1367262E+01  0.3003457E+01
          83  0.1400088E+01  0.3046598E+01
          84  0.1433299E+01  0.3089580E+01
          85  0.1466850E+01  0.3132214E+01
          86  0.1500847E+01  0.3174704E+01
          87  0.1535207E+01  0.3217026E+01
          88  0.1569991E+01  0.3259023E+01
          89  0.1605113E+01  0.3300809E+01
          90  0.1640645E+01  0.3342442E+01
          91  0.1676551E+01  0.3383722E+01
          92  0.1712870E+01  0.3424830E+01
          93  0.1749562E+01  0.3465732E+01
          94  0.1786640E+01  0.3506299E+01
          95  0.1824092E+01  0.3546719E+01
          96  0.1861957E+01  0.3586864E+01
          97  0.1900169E+01  0.3626721E+01
          98  0.1938818E+01  0.3666468E+01
          99  0.1977842E+01  0.3705804E+01
         100  0.2017212E+01  0.3745000E+01
         101  0.2057006E+01  0.3783930E+01
         102  0.2097200E+01  0.3822608E+01
         103  0.2137729E+01  0.3861113E+01
         104  0.2178694E+01  0.3899278E+01
         105  0.2219995E+01  0.3937336E+01
         106  0.2261694E+01  0.3975013E+01
         107  0.2303815E+01  0.4012576E+01
         108  0.2346287E+01  0.4049821E+01
         109  0.2389130E+01  0.4086880E+01
         110  0.2432422E+01  0.4123737E+01
         111  0.2476063E+01  0.4160346E+01
         112  0.2520075E+01  0.4196774E+01
         113  0.2564460E+01  0.4232914E+01
         114  0.2609269E+01  0.4268925E+01
         115  0.2654450E+01  0.4304634E+01
         116  0.2700017E+01  0.4340235E+01
         117  0.2745943E+01  0.4375537E+01
         118  0.2792294E+01  0.4410753E+01
         119  0.2839004E+01  0.4445661E+01
         120  0.2886125E+01  0.4480480E+01
         121  0.2933553E+01  0.4514992E+01
         122  0.2981470E+01  0.4549421E+01
         123  0.3029693E+01  0.4583602E+01
         124  0.3078342E+01  0.4617673E+01
         125  0.3127322E+01  0.4651522E+01
         126  0.3176727E+01  0.4685216E+01
         127  0.3226503E+01  0.4718753E+01
         128  0.3276705E+01  0.4752100E+01
         129  0.3327225E+01  0.4785340E+01
         130  0.3378155E+01  0.4818366E+01
         131  0.3429458E+01  0.4851349E+01
         132  0.3481146E+01  0.4884050E+01
         133  0.3533258E+01  0.4916732E+01
         134  0.3585716E+01  0.4949194E+01
         135  0.3638517E+01  0.4981563E+01
         136  0.3691769E+01  0.5013805E+01
         137  0.3745341E+01  0.5045885E+01
         138  0.3799323E+01  0.5077912E+01
         139  0.3853703E+01  0.5109761E+01
         140  0.3908494E+01  0.5141584E+01
         141  0.3963591E+01  0.5173203E+01
         142  0.4019110E+01  0.5204754E+01
         143  0.4075016E+01  0.5236226E+01
         144  0.4131266E+01  0.5267566E+01
         145  0.4187954E+01  0.5298891E+01
         146  0.4244958E+01  0.5330027E+01
         147  0.4302441E+01  0.5361142E+01
         148  0.4360202E+01  0.5392154E+01
         149  0.4418414E+01  0.5423079E+01
         150  0.4476971E+01  0.5453966E+01
         151  0.4535898E+01  0.5484737E+01
         152  0.4595250E+01  0.5515471E+01
         153  0.4654974E+01  0.5546154E+01
         154  0.4715055E+01  0.5576744E+01
         155  0.4775521E+01  0.5607306E+01
         156  0.4836383E+01  0.5637799E+01
         157  0.4897592E+01  0.5668237E+01
         158  0.4959198E+01  0.5698646E+01
         159  0.5021240E+01  0.5728989E+01
         160  0.5083601E+01  0.5759287E+01
         161  0.5146360E+01  0.5789557E+01
         162  0.5209516E+01  0.5819789E+01
         163  0.5273004E+01  0.5849984E+01
         164  0.5336917E+01  0.5880149E+01
         165  0.5401187E+01  0.5910271E+01
         166  0.5465867E+01  0.5940367E+01
         167  0.5530867E+01  0.5970437E+01
         168  0.5596303E+01  0.6000495E+01
         169  0.5662086E+01  0.6030518E+01
         170  0.5728264E+01  0.6060542E+01
         171  0.5794828E+01  0.6090544E+01
         172  0.5861775E+01  0.6120517E+01
         173  0.5929043E+01  0.6150492E+01
         174  0.5996746E+01  0.6180451E+01
         175  0.6064808E+01  0.6210382E+01
         176  0.6133241E+01  0.6240327E+01
         177  0.6202034E+01  0.6270244E+01
         178  0.6271248E+01  0.6300140E+01
         179  0.6340783E+01  0.6330060E+01
         180  0.6410780E+01  0.6359981E+01
         181  0.6481110E+01  0.6389857E+01
         182  0.6551786E+01  0.6419780E+01
         183  0.6622844E+01  0.6449687E+01
         184  0.6694275E+01  0.6479572E+01
         185  0.6766119E+01  0.6509492E+01
         186  0.6838306E+01  0.6539399E+01
         187  0.6910903E+01  0.6569289E+01
         188  0.6983755E+01  0.6599181E+01
         189  0.7057044E+01  0.6629114E+01
         190  0.7130798E+01  0.6659038E+01
         191  0.7204869E+01  0.6688961E+01
         192  0.7279208E+01  0.6718891E+01
         193  0.7354036E+01  0.6748823E+01
         194  0.7429262E+01  0.6778746E+01
         195  0.7504677E+01  0.6808696E+01
         196  0.7580623E+01  0.6838658E+01
         197  0.7656950E+01  0.6868595E+01
         198  0.7733444E+01  0.6898542E+01
         199  0.7810492E+01  0.6928527E+01
         200  0.7887885E+01  0.6958486E+01
         201  0.7965521E+01  0.6988427E+01
         202  0.8043633E+01  0.7018441E+01
         203  0.8122090E+01  0.7048428E+01
         204  0.8200910E+01  0.7078390E+01
         205  0.8280111E+01  0.7108426E+01
         206  0.8359636E+01  0.7138447E+01
         207  0.8439522E+01  0.7168446E+01
         208  0.8519777E+01  0.7198456E+01
         209  0.8600357E+01  0.7228490E+01
         210  0.8681281E+01  0.7258501E+01
         211  0.8762671E+01  0.7288507E+01
         212  0.8844381E+01  0.7318566E+01
         213  0.8926272E+01  0.7348588E+01
         214  0.9008578E+01  0.7378602E+01
         215  0.9091599E+01  0.7408664E+01
         216  0.9174549E+01  0.7438707E+01
         217  0.9258190E+01  0.7468778E+01
         218  0.9341761E+01  0.7498769E+01
         219  0.9426023E+01  0.7528821E+01
         220  0.9510237E+01  0.7558832E+01
         221  0.9595275E+01  0.7588902E+01
         222  0.9680646E+01  0.7618946E+01
         223  0.9765950E+01  0.7648948E+01
         224  0.9851944E+01  0.7679001E+01
         225  0.9938276E+01  0.7709031E+01
         226  0.1002492E+02  0.7739034E+01
         227  0.1011165E+02  0.7769048E+01
         228  0.1019909E+02  0.7799103E+01
         229  0.1028641E+02  0.7829072E+01
         230  0.1037469E+02  0.7859099E+01
         231  0.1046274E+02  0.7889071E+01
         232  0.1055146E+02  0.7919084E+01
         233  0.1064041E+02  0.7949049E+01
         234  0.1073013E+02  0.7979052E+01
         235  0.1081975E+02  0.8009023E+01
         236  0.1090963E+02  0.8038954E+01
         237  0.1100002E+02  0.8068892E+01
         238  0.1109057E+02  0.8098792E+01
         239  0.1118186E+02  0.8128762E+01
         240  0.1127281E+02  0.8158623E+01
         241  0.1136464E+02  0.8188540E+01
         242  0.1145662E+02  0.8218416E+01
         243  0.1154886E+02  0.8248267E+01
         244  0.1164162E+02  0.8278126E+01
         245  0.1173476E+02  0.8307974E+01
         246  0.1182819E+02  0.8337806E+01
         247  0.1192187E+02  0.8367602E+01
         248  0.1201608E+02  0.8397411E+01
         249  0.1211044E+02  0.8427184E+01
         250  0.1220518E+02  0.8456944E+01
         251  0.1229996E+02  0.8486642E+01
         252  0.1239525E+02  0.8516347E+01
         253  0.1249128E+02  0.8546087E+01
         254  0.1258677E+02  0.8575704E+01
         255  0.1268336E+02  0.8605391E+01
         256  0.1277975E+02  0.8634988E+01
         257  0.1287689E+02  0.8664614E+01
         258  0.1297419E+02  0.8694206E+01
         259  0.1307210E+02  0.8723805E+01
         260  0.1316996E+02  0.8753338E+01
         261  0.1326786E+02  0.8782807E+01
         262  0.1336684E+02  0.8812349E+01
         263  0.1346564E+02  0.8841815E+01
         264  0.1356497E+02  0.8871279E+01
         265  0.1366433E+02  0.8900664E+01
         266  0.1376422E+02  0.8930053E+01
         267  0.1386436E+02  0.8959409E+01
         268  0.1396515E+02  0.8988798E+01
         269  0.1406565E+02  0.9018052E+01
         270  0.1416701E+02  0.9047350E+01
         271  0.1426863E+02  0.9076611E+01
         272  0.1437021E+02  0.9105820E+01
         273  0.1447219E+02  0.9135010E+01
         274  0.1457490E+02  0.9164175E+01
         275  0.1467745E+02  0.9193274E+01
         276  0.1478039E+02  0.9222357E+01
         277  0.1488364E+02  0.9251436E+01
         278  0.1498750E+02  0.9280481E+01
         279  0.1509153E+02  0.9309464E+01
         280  0.1519563E+02  0.9338396E+01
         281  0.1530025E+02  0.9367337E+01
         282  0.1540505E+02  0.9396252E+01
         283  0.1551026E+02  0.9425091E+01
         284  0.1561585E+02  0.9453897E+01
         285  0.1572176E+02  0.9482692E+01
         286  0.1582761E+02  0.9511420E+01
         287  0.1593431E+02  0.9540189E+01
         288  0.1604055E+02  0.9568784E+01
         289  0.1614784E+02  0.9597417E+01
         290  0.1625533E+02  0.9626026E+01
         291  0.1636268E+02  0.9654570E+01
         292  0.1647064E+02  0.9683123E+01
         293  0.1657879E+02  0.9711544E+01
         294  0.1668747E+02  0.9739967E+01
         295  0.1679622E+02  0.9768338E+01
         296  0.1690529E+02  0.9796704E+01
         297  0.1701497E+02  0.9825074E+01
         298  0.1712453E+02  0.9853274E+01
         299  0.1723461E+02  0.9881463E+01
         300  0.1734477E+02  0.9909605E+01
         301  0.1745534E+02  0.9937739E+01
         302  0.1756624E+02  0.9965862E+01
         303  0.1767741E+02  0.9993861E+01
         304  0.1778893E+02  0.1002182E+02
         305  0.1790071E+02  0.1004974E+02
         306  0.1801284E+02  0.1007767E+02
         307  0.1812506E+02  0.1010554E+02
         308  0.1823780E+02  0.1013335E+02
         309  0.1835064E+02  0.1016104E+02
         310  0.1846370E+02  0.1018871E+02
         311  0.1857728E+02  0.1021638E+02
         312  0.1869115E+02  0.1024403E+02
         313  0.1880494E+02  0.1027159E+02
         314  0.1891937E+02  0.1029905E+02
         315  0.1903379E+02  0.1032645E+02
         316  0.1914885E+02  0.1035388E+02
         317  0.1926391E+02  0.1038125E+02
         318  0.1937919E+02  0.1040861E+02
         319  0.1949500E+02  0.1044872E+02
         320  0.1961092E+02  0.1049096E+02
         321  0.1972719E+02  0.1053324E+02
         322  0.1984387E+02  0.1057557E+02
         323  0.1996055E+02  0.1061790E+02
         324  0.2007759E+02  0.1065447E+02
         325  0.2019486E+02  0.1068157E+02
         326  0.2031225E+02  0.1070864E+02
         327  0.2043006E+02  0.1073571E+02
         328  0.2054810E+02  0.1076274E+02
         329  0.2066657E+02  0.1078978E+02
         330  0.2078510E+02  0.1080440E+02
         331  0.2090405E+02  0.1081610E+02
         332  0.2102302E+02  0.1082774E+02
         333  0.2114235E+02  0.1083937E+02
         334  0.2126222E+02  0.1085100E+02
         335  0.2138194E+02  0.1086466E+02
         336  0.2150191E+02  0.1089093E+02
         337  0.2162247E+02  0.1091720E+02
         338  0.2174283E+02  0.1094341E+02
         339  0.2186363E+02  0.1096962E+02
         340  0.2198467E+02  0.1099580E+02
         341  0.2210598E+02  0.1102190E+02
         342  0.2222744E+02  0.1104785E+02
         343  0.2234932E+02  0.1107379E+02
         344  0.2247136E+02  0.1109970E+02
         345  0.2259350E+02  0.1112558E+02
         346  0.2271579E+02  0.1115143E+02
         347  0.2283851E+02  0.1117718E+02
         348  0.2296124E+02  0.1120280E+02
         349  0.2308424E+02  0.1122841E+02
         350  0.2320766E+02  0.1125401E+02
         351  0.2333110E+02  0.1127957E+02
         352  0.2345471E+02  0.1130510E+02
         353  0.2357875E+02  0.1133053E+02
         354  0.2370254E+02  0.1135581E+02
         355  0.2382703E+02  0.1138112E+02
         356  0.2395155E+02  0.1140638E+02
         357  0.2407609E+02  0.1143161E+02
         358  0.2420122E+02  0.1145684E+02
         359  0.2432612E+02  0.1148192E+02
         360  0.2445131E+02  0.1150691E+02
         361  0.2457679E+02  0.1153188E+02
         362  0.2470236E+02  0.1155681E+02
         363  0.2482822E+02  0.1158173E+02
         364  0.2495414E+02  0.1160661E+02
         365  0.2508038E+02  0.1163142E+02
         366  0.2520653E+02  0.1165607E+02
         367  0.2533313E+02  0.1168071E+02
         368  0.2545958E+02  0.1170530E+02
         369  0.2558644E+02  0.1172988E+02
         370  0.2571340E+02  0.1175443E+02
         371  0.2584053E+02  0.1177895E+02
         372  0.2596776E+02  0.1180328E+02
         373  0.2609506E+02  0.1182758E+02
         374  0.2622269E+02  0.1185187E+02
         375  0.2635018E+02  0.1187611E+02
         376  0.2647823E+02  0.1190035E+02
         377  0.2660627E+02  0.1192456E+02
         378  0.2673439E+02  0.1194863E+02
         379  0.2686250E+02  0.1197260E+02
         380  0.2699094E+02  0.1199656E+02
         381  0.2711964E+02  0.1202050E+02
         382  0.2724817E+02  0.1204440E+02
         383  0.2737707E+02  0.1206828E+02
         384  0.2750597E+02  0.1209210E+02
         385  0.2763498E+02  0.1211576E+02
         386  0.2776433E+02  0.1213942E+02
         387  0.2789360E+02  0.1216302E+02
         388  0.2802311E+02  0.1218661E+02
         389  0.2815262E+02  0.1221017E+02
         390  0.2828240E+02  0.1223370E+02
         391  0.2841218E+02  0.1225712E+02
         392  0.2854200E+02  0.1228045E+02
         393  0.2867219E+02  0.1230377E+02
         394  0.2880241E+02  0.1232706E+02
         395  0.2893255E+02  0.1235030E+02
         396  0.2906307E+02  0.1237354E+02
         397  0.2919363E+02  0.1239674E+02
         398  0.2932413E+02  0.1241980E+02
         399  0.2945492E+02  0.1244280E+02
         400  0.2958585E+02  0.1246580E+02
         401  0.2971695E+02  0.1248876E+02
         402  0.2984790E+02  0.1251168E+02
         403  0.2997902E+02  0.1253458E+02
         404  0.3011055E+02  0.1255747E+02
         405  0.3024203E+02  0.1258020E+02
         406  0.3037348E+02  0.1260291E+02
         407  0.3050522E+02  0.1262559E+02
         408  0.3063695E+02  0.1264823E+02
         409  0.3076885E+02  0.1267086E+02
         410  0.3090097E+02  0.1269347E+02
         411  0.3103317E+02  0.1271605E+02
         412  0.3116546E+02  0.1273849E+02
         413  0.3129787E+02  0.1276090E+02
         414  0.3143028E+02  0.1278328E+02
         415  0.3156299E+02  0.1280565E+02
         416  0.3169583E+02  0.1282800E+02
         417  0.3182867E+02  0.1285032E+02
         418  0.3196173E+02  0.1287261E+02
         419  0.3209481E+02  0.1289477E+02
         420  0.3222823E+02  0.1291692E+02
         421  0.3236145E+02  0.1293902E+02
         422  0.3249493E+02  0.1296111E+02
         423  0.3262874E+02  0.1298319E+02
         424  0.3276239E+02  0.1300523E+02
         425  0.3289639E+02  0.1302726E+02
         426  0.3303031E+02  0.1304917E+02
         427  0.3316461E+02  0.1307105E+02
         428  0.3329875E+02  0.1309289E+02
         429  0.3343335E+02  0.1311473E+02
         430  0.3356772E+02  0.1313651E+02
         431  0.3370255E+02  0.1315831E+02
         432  0.3383735E+02  0.1318007E+02
         433  0.3397232E+02  0.1320177E+02
         434  0.3410738E+02  0.1322338E+02
         435  0.3424260E+02  0.1324499E+02
         436  0.3437802E+02  0.1326657E+02
         437  0.3451344E+02  0.1328813E+02
         438  0.3464904E+02  0.1330966E+02
         439  0.3478474E+02  0.1333117E+02
         440  0.3492064E+02  0.1335267E+02
         441  0.3505647E+02  0.1337402E+02
         442  0.3519267E+02  0.1339536E+02
         443  0.3532883E+02  0.1341667E+02
         444  0.3546527E+02  0.1343797E+02
         445  0.3560194E+02  0.1345926E+02
         446  0.3573846E+02  0.1348050E+02
         447  0.3587521E+02  0.1350173E+02
         448  0.3601210E+02  0.1352290E+02
         449  0.3614921E+02  0.1354398E+02
         450  0.3628620E+02  0.1356502E+02
         451  0.3642324E+02  0.1358603E+02
         452  0.3656042E+02  0.1360703E+02
         453  0.3669827E+02  0.1362804E+02
         454  0.3683580E+02  0.1364901E+02
         455  0.3697310E+02  0.1366992E+02
         456  0.3711108E+02  0.1369076E+02
         457  0.3724964E+02  0.1371158E+02
         458  0.3738702E+02  0.1373227E+02
         459  0.3752499E+02  0.1375298E+02
         460  0.3766382E+02  0.1377373E+02
         461  0.3780284E+02  0.1379445E+02
         462  0.3794070E+02  0.1381507E+02
         463  0.3807885E+02  0.1383569E+02
         464  0.3821777E+02  0.1385618E+02
         465  0.3835602E+02  0.1387656E+02
         466  0.3849451E+02  0.1389694E+02
         467  0.3863315E+02  0.1391733E+02
         468  0.3877273E+02  0.1393773E+02
         469  0.3891158E+02  0.1395805E+02
         470  0.3905069E+02  0.1397837E+02
         471  0.3918909E+02  0.1399861E+02
         472  0.3932938E+02  0.1401877E+02
         473  0.3946738E+02  0.1403874E+02
         474  0.3960629E+02  0.1405872E+02
         475  0.3974700E+02  0.1407880E+02
         476  0.3988560E+02  0.1409871E+02
         477  0.4002450E+02  0.1411863E+02
         478  0.4016424E+02  0.1413856E+02
         479  0.4030436E+02  0.1415850E+02
         480  0.4044390E+02  0.1417819E+02
         481  0.4058369E+02  0.1419783E+02
         482  0.4072300E+02  0.1421739E+02
         483  0.4086264E+02  0.1423697E+02
         484  0.4100167E+02  0.1425648E+02
         485  0.4114162E+02  0.1427600E+02
         486  0.4128196E+02  0.1429553E+02
         487  0.4142130E+02  0.1431499E+02
         488  0.4156149E+02  0.1433431E+02
         489  0.4170116E+02  0.1435343E+02
         490  0.4184127E+02  0.1437257E+02
         491  0.4198082E+02  0.1439164E+02
         492  0.4212087E+02  0.1441073E+02
         493  0.4226038E+02  0.1442974E+02
         494  0.4240035E+02  0.1444878E+02
         495  0.4253986E+02  0.1446775E+02
         496  0.4267982E+02  0.1448668E+02
         497  0.4281935E+02  0.1450528E+02
         498  0.4295934E+02  0.1452390E+02
         499  0.4310030E+02  0.1454254E+02
         500  0.4323942E+02  0.1456104E+02
         501  0.4337904E+02  0.1457955E+02
         502  0.4351916E+02  0.1459808E+02
         503  0.4365886E+02  0.1461655E+02
         504  0.4379913E+02  0.1463504E+02
         505  0.4393872E+02  0.1465325E+02
         506  0.4407831E+02  0.1467128E+02
         507  0.4421870E+02  0.1468932E+02
         508  0.4435752E+02  0.1470730E+02
         509  0.4449805E+02  0.1472530E+02
         510  0.4463794E+02  0.1474325E+02
         511  0.4477686E+02  0.1476115E+02
         512  0.4491661E+02  0.1477907E+02
         513  0.4505749E+02  0.1479700E+02
         514  0.4519654E+02  0.1481446E+02
         515  0.4533591E+02  0.1483191E+02
         516  0.4547660E+02  0.1484938E+02
         517  0.4561622E+02  0.1486680E+02
         518  0.4575596E+02  0.1488418E+02
         519  0.4589585E+02  0.1490157E+02
         520  0.4603498E+02  0.1491885E+02
         521  0.4617447E+02  0.1493616E+02
         522  0.4631432E+02  0.1495344E+02
         523  0.4645411E+02  0.1497032E+02
         524  0.4659475E+02  0.1498722E+02
         525  0.4673372E+02  0.1500401E+02
         526  0.4687469E+02  0.1502089E+02
         527  0.4701403E+02  0.1503766E+02
         528  0.4715222E+02  0.1505433E+02
         529  0.4729326E+02  0.1507115E+02
         530  0.4743185E+02  0.1508780E+02
         531  0.4757217E+02  0.1510449E+02
         532  0.4771203E+02  0.1512079E+02
         533  0.4785188E+02  0.1513706E+02
         534  0.4799109E+02  0.1515328E+02
         535  0.4813030E+02  0.1516947E+02
         536  0.4827018E+02  0.1518569E+02
         537  0.4840985E+02  0.1520186E+02
         538  0.4854932E+02  0.1521800E+02
         539  0.4868967E+02  0.1523417E+02
         540  0.4882859E+02  0.1525025E+02
         541  0.4896838E+02  0.1526598E+02
         542  0.4910718E+02  0.1528162E+02
         543  0.4924747E+02  0.1529732E+02
         544  0.4938641E+02  0.1531295E+02
         545  0.4952560E+02  0.1532855E+02
         546  0.4966531E+02  0.1534418E+02
         547  0.4980505E+02  0.1535976E+02
         548  0.4994433E+02  0.1537533E+02
         549  0.5008268E+02  0.1539081E+02
         550  0.5022288E+02  0.1540615E+02
         551  0.5036086E+02  0.1542124E+02
         552  0.5050154E+02  0.1543647E+02
         553  0.5063953E+02  0.1545151E+02
         554  0.5077809E+02  0.1546658E+02
         555  0.5091787E+02  0.1548167E+02
         556  0.5105729E+02  0.1549674E+02
         557  0.5119554E+02  0.1551174E+02
         558  0.5133387E+02  0.1552671E+02
         559  0.5147249E+02  0.1554160E+02
         560  0.5161142E+02  0.1555631E+02
         561  0.5175066E+02  0.1557100E+02
         562  0.5188879E+02  0.1558562E+02
         563  0.5202612E+02  0.1560017E+02
         564  0.5216520E+02  0.1561480E+02
         565  0.5230267E+02  0.1562930E+02
         566  0.5244074E+02  0.1564385E+02
         567  0.5257891E+02  0.1565838E+02
         568  0.5271629E+02  0.1567284E+02
         569  0.5285379E+02  0.1568717E+02
         570  0.5299112E+02  0.1570140E+02
         571  0.5312854E+02  0.1571562E+02
         572  0.5326550E+02  0.1572977E+02
         573  0.5340396E+02  0.1574401E+02
         574  0.5353985E+02  0.1575809E+02
         575  0.5367611E+02  0.1577216E+02
         576  0.5381333E+02  0.1578626E+02
         577  0.5394964E+02  0.1580032E+02
         578  0.5408531E+02  0.1581431E+02
         579  0.5422114E+02  0.1582821E+02
         580  0.5435715E+02  0.1584208E+02
         581  0.5449254E+02  0.1585590E+02
         582  0.5462812E+02  0.1586970E+02
         583  0.5476389E+02  0.1588350E+02
         584  0.5489910E+02  0.1589727E+02
         585  0.5503353E+02  0.1591098E+02
         586  0.5516759E+02  0.1592462E+02
         587  0.5530249E+02  0.1593833E+02
         588  0.5543628E+02  0.1595193E+02
         589  0.5557014E+02  0.1596553E+02
         590  0.5570427E+02  0.1597912E+02
         591  0.5583731E+02  0.1599261E+02
         592  0.5597047E+02  0.1600612E+02
         593  0.5610320E+02  0.1601959E+02
         594  0.5623561E+02  0.1603301E+02
         595  0.5636823E+02  0.1604644E+02
         596  0.5649977E+02  0.1605978E+02
         597  0.5663158E+02  0.1607314E+02
         598  0.5676385E+02  0.1608650E+02
         599  0.5689487E+02  0.1609982E+02
         600  0.5702570E+02  0.1611312E+02
         601  0.5713110E+02  0.1612504E+02
         602  0.5726207E+02  0.1613833E+02
         603  0.5739199E+02  0.1615154E+02
         604  0.5752085E+02  0.1616468E+02
         605  0.5765091E+02  0.1617789E+02
         606  0.5777930E+02  0.1619098E+02
         607  0.5790887E+02  0.1620414E+02
         608  0.5803759E+02  0.1621721E+02
         609  0.5816523E+02  0.1623029E+02
         610  0.5829358E+02  0.1624344E+02
         611  0.5842098E+02  0.1625653E+02
         612  0.5854760E+02  0.1626957E+02
         613  0.5867481E+02  0.1628262E+02
         614  0.5880179E+02  0.1629566E+02
         615  0.5892740E+02  0.1630860E+02
         616  0.5905352E+02  0.1632155E+02
         617  0.5917895E+02  0.1633447E+02
         618  0.5930381E+02  0.1634733E+02
         619  0.5942912E+02  0.1636023E+02
         620  0.5955388E+02  0.1637321E+02
         621  0.5967796E+02  0.1638614E+02
         622  0.5980136E+02  0.1639904E+02
         623  0.5992485E+02  0.1641193E+02
         624  0.6004836E+02  0.1642481E+02
         625  0.6017139E+02  0.1643764E+02
         626  0.6029317E+02  0.1645041E+02
         627  0.6041577E+02  0.1646321E+02
         628  0.6053715E+02  0.1647593E+02
         629  0.6065812E+02  0.1648863E+02
         630  0.6077924E+02  0.1650134E+02
         631  0.6089991E+02  0.1651415E+02
         632  0.6102023E+02  0.1652693E+02
         633  0.6114072E+02  0.1653970E+02
         634  0.6125960E+02  0.1655237E+02
         635  0.6137938E+02  0.1656509E+02
         636  0.6149763E+02  0.1657771E+02
         637  0.6161610E+02  0.1659033E+02
         638  0.6173378E+02  0.1660291E+02
         639  0.6185170E+02  0.1661549E+02
         640  0.6196889E+02  0.1662801E+02
         641  0.6208584E+02  0.1664058E+02
         642  0.6220211E+02  0.1665316E+02
         643  0.6231797E+02  0.1666571E+02
         644  0.6243387E+02  0.1667825E+02
         645  0.6254891E+02  0.1669074E+02
         646  0.6266406E+02  0.1670323E+02
         647  0.6277835E+02  0.1671566E+02
         648  0.6289280E+02  0.1672810E+02
         649  0.6300598E+02  0.1674046E+02
         650  0.6311912E+02  0.1675282E+02
         651  0.6323172E+02  0.1676512E+02
         652  0.6334430E+02  0.1677744E+02
         653  0.6345596E+02  0.1678976E+02
         654  0.6356759E+02  0.1680204E+02
         655  0.6367884E+02  0.1681432E+02
         656  0.6379033E+02  0.1682658E+02
         657  0.6389965E+02  0.1683874E+02
         658  0.6400969E+02  0.1685092E+02
         659  0.6411938E+02  0.1686307E+02
         660  0.6422836E+02  0.1687519E+02
         661  0.6433697E+02  0.1688727E+02
         662  0.6444490E+02  0.1689931E+02
         663  0.6455258E+02  0.1691133E+02
         664  0.6465997E+02  0.1692330E+02
         665  0.6476674E+02  0.1693523E+02
         666  0.6487333E+02  0.1694716E+02
         667  0.6497865E+02  0.1695901E+02
         668  0.6508401E+02  0.1697085E+02
         669  0.6518927E+02  0.1698268E+02
         670  0.6529362E+02  0.1699446E+02
         671  0.6539784E+02  0.1700623E+02
         672  0.6550158E+02  0.1701796E+02
         673  0.6560448E+02  0.1702966E+02
         674  0.6570799E+02  0.1704137E+02
         675  0.6580997E+02  0.1705288E+02
         676  0.6591163E+02  0.1706435E+02
         677  0.6601294E+02  0.1707581E+02
         678  0.6611353E+02  0.1708722E+02
         679  0.6621447E+02  0.1709865E+02
         680  0.6631443E+02  0.1711001E+02
         681  0.6641401E+02  0.1712136E+02
         682  0.6651308E+02  0.1713266E+02
         683  0.6661182E+02  0.1714396E+02
         684  0.6670935E+02  0.1715518E+02
         685  0.6680733E+02  0.1716642E+02
         686  0.6690482E+02  0.1717758E+02
         687  0.6700172E+02  0.1718851E+02
         688  0.6709796E+02  0.1719942E+02
         689  0.6719367E+02  0.1721029E+02
         690  0.6728899E+02  0.1722114E+02
         691  0.6738392E+02  0.1723196E+02
         692  0.6747872E+02  0.1724277E+02
         693  0.6757256E+02  0.1725353E+02
         694  0.6766672E+02  0.1726430E+02
         695  0.6775927E+02  0.1727498E+02
         696  0.6785217E+02  0.1728568E+02
         697  0.6794456E+02  0.1729635E+02
         698  0.6803632E+02  0.1730686E+02
         699  0.6812788E+02  0.1731714E+02
         700  0.6821873E+02  0.1732740E+02
         701  0.6830904E+02  0.1733762E+02
         702  0.6839927E+02  0.1734785E+02
         703  0.6848869E+02  0.1735801E+02
         704  0.6857809E+02  0.1736818E+02
         705  0.6866679E+02  0.1737831E+02
         706  0.6875444E+02  0.1738837E+02
         707  0.6884317E+02  0.1739851E+02
         708  0.6893026E+02  0.1740854E+02
         709  0.6901713E+02  0.1741857E+02
         710  0.6910331E+02  0.1742840E+02
         711  0.6918964E+02  0.1743798E+02
         712  0.6927547E+02  0.1744756E+02
         713  0.6936065E+02  0.1745708E+02
         714  0.6944489E+02  0.1746656E+02
         715  0.6952962E+02  0.1747606E+02
         716  0.6961347E+02  0.1748553E+02
         717  0.6969654E+02  0.1749493E+02
         718  0.6977973E+02  0.1750435E+02
         719  0.6986234E+02  0.1751374E+02
         720  0.6994453E+02  0.1752311E+02
         721  0.7002605E+02  0.1753244E+02
         722  0.7010656E+02  0.1754165E+02
         723  0.7018816E+02  0.1755053E+02
         724  0.7026791E+02  0.1755935E+02
         725  0.7034725E+02  0.1756815E+02
         726  0.7042825E+02  0.1757700E+02
         727  0.7050683E+02  0.1758575E+02
         728  0.7058504E+02  0.1759448E+02
         729  0.7066295E+02  0.1760319E+02
         730  0.7073917E+02  0.1761184E+02
         731  0.7081706E+02  0.1762054E+02
         732  0.7089471E+02  0.1762923E+02
         733  0.7097005E+02  0.1763781E+02
         734  0.7104594E+02  0.1764643E+02
         735  0.7112093E+02  0.1765468E+02
         736  0.7119451E+02  0.1766278E+02
         737  0.7126962E+02  0.1767091E+02
         738  0.7134301E+02  0.1767898E+02
         739  0.7141672E+02  0.1768707E+02
         740  0.7148790E+02  0.1769504E+02
         741  0.7155983E+02  0.1770305E+02
         742  0.7163143E+02  0.1771102E+02
         743  0.7170377E+02  0.1771903E+02
         744  0.7177359E+02  0.1772693E+02
         745  0.7184422E+02  0.1773486E+02
         746  0.7191299E+02  0.1774271E+02
         747  0.7198190E+02  0.1775052E+02
         748  0.7204993E+02  0.1775799E+02
         749  0.7211728E+02  0.1776540E+02
         750  0.7218589E+02  0.1777286E+02
         751  0.7225098E+02  0.1778019E+02
         752  0.7231785E+02  0.1778757E+02
         753  0.7238367E+02  0.1779492E+02
         754  0.7244836E+02  0.1780221E+02
         755  0.7251212E+02  0.1780947E+02
         756  0.7257571E+02  0.1781671E+02
         757  0.7263984E+02  0.1782396E+02
         758  0.7270162E+02  0.1783114E+02
         759  0.7276398E+02  0.1783832E+02
         760  0.7282629E+02  0.1784543E+02
         761  0.7288656E+02  0.1785225E+02
         762  0.7294748E+02  0.1785908E+02
         763  0.7300582E+02  0.1786582E+02
         764  0.7306490E+02  0.1787258E+02
         765  0.7312488E+02  0.1787937E+02
         766  0.7318259E+02  0.1788607E+02
         767  0.7323903E+02  0.1789272E+02
         768  0.7329555E+02  0.1789938E+02
         769  0.7335207E+02  0.1790602E+02
         770  0.7340707E+02  0.1791260E+02
         771  0.7346312E+02  0.1791922E+02
         772  0.7351706E+02  0.1792576E+02
         773  0.7357047E+02  0.1793224E+02
         774  0.7362321E+02  0.1793856E+02
         775  0.7367597E+02  0.1794487E+02
         776  0.7372797E+02  0.1795115E+02
         777  0.7378006E+02  0.1795744E+02
         778  0.7383036E+02  0.1796364E+02
         779  0.7388039E+02  0.1796984E+02
         780  0.7393026E+02  0.1797604E+02
         781  0.7397971E+02  0.1798219E+02
         782  0.7402826E+02  0.1798834E+02
         783  0.7407647E+02  0.1799446E+02
         784  0.7412325E+02  0.1800052E+02
         785  0.7417023E+02  0.1800659E+02
         786  0.7421651E+02  0.1801264E+02
         787  0.7426244E+02  0.1801860E+02
         788  0.7430730E+02  0.1802452E+02
         789  0.7435232E+02  0.1803045E+02
         790  0.7439638E+02  0.1803633E+02
         791  0.7444066E+02  0.1804222E+02
         792  0.7448389E+02  0.1804807E+02
         793  0.7452673E+02  0.1805391E+02
         794  0.7456864E+02  0.1805971E+02
         795  0.7461089E+02  0.1806553E+02
         796  0.7465149E+02  0.1807127E+02
         797  0.7469252E+02  0.1807703E+02
         798  0.7473277E+02  0.1808276E+02
         799  0.7477347E+02  0.1808851E+02
         800  0.7481317E+02  0.1809423E+02
         801  0.7485225E+02  0.1809996E+02
         802  0.7489071E+02  0.1810566E+02
         803  0.7492931E+02  0.1811136E+02
         804  0.7496697E+02  0.1811703E+02
         805  0.7500500E+02  0.1812271E+02
         806  0.7504176E+02  0.1812835E+02
         807  0.7507880E+02  0.1813399E+02
         808  0.7511504E+02  0.1813960E+02
         809  0.7515143E+02  0.1814522E+02
         810  0.7518671E+02  0.1815079E+02
         811  0.7522242E+02  0.1815639E+02
         812  0.7525751E+02  0.1816196E+02
         813  0.7529250E+02  0.1816753E+02
         814  0.7532695E+02  0.1817314E+02
         815  0.7536013E+02  0.1817873E+02
         816  0.7539433E+02  0.1818437E+02
         817  0.7542748E+02  0.1818998E+02
         818  0.7546134E+02  0.1819563E+02
         819  0.7549534E+02  0.1820127E+02
         820  0.7552768E+02  0.1820684E+02
         821  0.7555981E+02  0.1821240E+02
         822  0.7559076E+02  0.1821792E+02
         823  0.7562299E+02  0.1822349E+02
         824  0.7565464E+02  0.1822904E+02
         825  0.7568700E+02  0.1823464E+02
         826  0.7571763E+02  0.1824014E+02
         827  0.7574903E+02  0.1824570E+02
         828  0.7577965E+02  0.1825130E+02
         829  0.7580946E+02  0.1825695E+02
         830  0.7583938E+02  0.1826259E+02
         831  0.7586985E+02  0.1826828E+02
         832  0.7589880E+02  0.1827388E+02
         833  0.7592841E+02  0.1827952E+02
         834  0.7595746E+02  0.1828514E+02
         835  0.7598632E+02  0.1829076E+02
         836  0.7601640E+02  0.1829643E+02
         837  0.7604433E+02  0.1830200E+02
         838  0.7607314E+02  0.1830762E+02
         839  0.7610196E+02  0.1831325E+02
         840  0.7612843E+02  0.1831876E+02
         841  0.7615662E+02  0.1832435E+02
         842  0.7618423E+02  0.1832999E+02
         843  0.7621128E+02  0.1833571E+02
         844  0.7624015E+02  0.1834153E+02
         845  0.7626657E+02  0.1834723E+02
         846  0.7629295E+02  0.1835294E+02
         847  0.7631931E+02  0.1835864E+02
         848  0.7634690E+02  0.1836440E+02
         849  0.7637264E+02  0.1837008E+02
         850  0.7639815E+02  0.1837575E+02
         851  0.7642506E+02  0.1838149E+02
         852  0.7644995E+02  0.1838714E+02
         853  0.7647540E+02  0.1839282E+02
         854  0.7650200E+02  0.1839855E+02
         855  0.7652676E+02  0.1840420E+02
         856  0.7655163E+02  0.1840985E+02
         857  0.7657623E+02  0.1841564E+02
         858  0.7660129E+02  0.1842147E+02
         859  0.7662624E+02  0.1842731E+02
         860  0.7665047E+02  0.1843312E+02
         861  0.7667321E+02  0.1843885E+02
         862  0.7669981E+02  0.1844477E+02
         863  0.7672139E+02  0.1845046E+02
         864  0.7674712E+02  0.1845634E+02
         865  0.7677068E+02  0.1846213E+02
         866  0.7679694E+02  0.1846802E+02
         867  0.7681802E+02  0.1847370E+02
         868  0.7684310E+02  0.1847955E+02
         869  0.7686646E+02  0.1848533E+02
         870  0.7688918E+02  0.1849108E+02
         871  0.7691167E+02  0.1849684E+02
         872  0.7693523E+02  0.1850277E+02
         873  0.7696007E+02  0.1850875E+02
         874  0.7698148E+02  0.1851458E+02
         875  0.7700423E+02  0.1852047E+02
         876  0.7702643E+02  0.1852635E+02
         877  0.7705008E+02  0.1853229E+02
         878  0.7707214E+02  0.1853815E+02
         879  0.7709543E+02  0.1854407E+02
         880  0.7711994E+02  0.1855004E+02
         881  0.7714412E+02  0.1855600E+02
         882  0.7716422E+02  0.1856179E+02
         883  0.7718975E+02  0.1856780E+02
         884  0.7721102E+02  0.1857364E+02
         885  0.7723496E+02  0.1857959E+02
         886  0.7725618E+02  0.1858544E+02
         887  0.7728163E+02  0.1859154E+02
         888  0.7730417E+02  0.1859752E+02
         889  0.7732825E+02  0.1860356E+02
         890  0.7734969E+02  0.1860950E+02
         891  0.7737543E+02  0.1861561E+02
         892  0.7739838E+02  0.1862161E+02
         893  0.7742150E+02  0.1862762E+02
         894  0.7744501E+02  0.1863364E+02
         895  0.7746985E+02  0.1863972E+02
         896  0.7749497E+02  0.1864580E+02
         897  0.7751775E+02  0.1865180E+02
         898  0.7754335E+02  0.1865790E+02
         899  0.7756788E+02  0.1866397E+02
         900  0.7759410E+02  0.1867010E+02
         901  0.7761807E+02  0.1867614E+02
         902  0.7764372E+02  0.1868227E+02
         903  0.7767104E+02  0.1868847E+02
         904  0.7769614E+02  0.1869458E+02
         905  0.7772291E+02  0.1870076E+02
         906  0.7774892E+02  0.1870690E+02
         907  0.7777538E+02  0.1871307E+02
         908  0.7780347E+02  0.1871930E+02
         909  0.7782859E+02  0.1872541E+02
         910  0.7785548E+02  0.1873159E+02
         911  0.7788509E+02  0.1873788E+02
         912  0.7791402E+02  0.1874414E+02
         913  0.7793923E+02  0.1875025E+02
         914  0.7797038E+02  0.1875660E+02
         915  0.7799783E+02  0.1876280E+02
         916  0.7802705E+02  0.1876907E+02
         917  0.7805683E+02  0.1877535E+02
         918  0.7808614E+02  0.1878158E+02
         919  0.7811622E+02  0.1878784E+02
         920  0.7814698E+02  0.1879414E+02
         921  0.7817730E+02  0.1880041E+02
         922  0.7820852E+02  0.1880671E+02
         923  0.7824035E+02  0.1881304E+02
         924  0.7827187E+02  0.1881936E+02
         925  0.7830309E+02  0.1882567E+02
         926  0.7833527E+02  0.1883201E+02
         927  0.7836807E+02  0.1883837E+02
         928  0.7840012E+02  0.1884470E+02
         929  0.7843334E+02  0.1885109E+02
         930  0.7846686E+02  0.1885748E+02
         931  0.7850014E+02  0.1886386E+02
         932  0.7853522E+02  0.1887031E+02
         933  0.7856983E+02  0.1887668E+02
         934  0.7860384E+02  0.1888299E+02
         935  0.7863890E+02  0.1888934E+02
         936  0.7867472E+02  0.1889571E+02
         937  0.7871022E+02  0.1890207E+02
         938  0.7874452E+02  0.1890839E+02
         939  0.7878076E+02  0.1891477E+02
         940  0.7881896E+02  0.1892124E+02
         941  0.7885428E+02  0.1892759E+02
         942  0.7889127E+02  0.1893400E+02
         943  0.7892807E+02  0.1894041E+02
         944  0.7896579E+02  0.1894685E+02
         945  0.7900414E+02  0.1895332E+02
         946  0.7904171E+02  0.1895975E+02
         947  0.7908029E+02  0.1896622E+02
         948  0.7911684E+02  0.1897261E+02
         949  0.7915721E+02  0.1897907E+02
         950  0.7919664E+02  0.1898543E+02
         951  0.7923550E+02  0.1899176E+02
         952  0.7927425E+02  0.1899809E+02
         953  0.7931449E+02  0.1900447E+02
         954  0.7935433E+02  0.1901084E+02
         955  0.7939381E+02  0.1901719E+02
         956  0.7943459E+02  0.1902358E+02
         957  0.7947449E+02  0.1902995E+02
         958  0.7951661E+02  0.1903639E+02
         959  0.7955766E+02  0.1904280E+02
         960  0.7959855E+02  0.1904920E+02
         961  0.7964089E+02  0.1905565E+02
         962  0.7968230E+02  0.1906206E+02
         963  0.7972545E+02  0.1906854E+02
         964  0.7976777E+02  0.1907499E+02
         965  0.7980994E+02  0.1908140E+02
         966  0.7985309E+02  0.1908769E+02
         967  0.7989635E+02  0.1909399E+02
         968  0.7993902E+02  0.1910028E+02
         969  0.7998260E+02  0.1910658E+02
         970  0.8002759E+02  0.1911294E+02
         971  0.8007092E+02  0.1911925E+02
         972  0.8011661E+02  0.1912563E+02
         973  0.8016056E+02  0.1913194E+02
         974  0.8020555E+02  0.1913830E+02
         975  0.8025145E+02  0.1914469E+02
         976  0.8029727E+02  0.1915107E+02
         977  0.8034274E+02  0.1915744E+02
         978  0.8038935E+02  0.1916385E+02
         979  0.8043589E+02  0.1917026E+02
         980  0.8048299E+02  0.1917668E+02
         981  0.8053052E+02  0.1918312E+02
         982  0.8057825E+02  0.1918945E+02
         983  0.8062633E+02  0.1919572E+02
         984  0.8067528E+02  0.1920202E+02
         985  0.8072376E+02  0.1920829E+02
         986  0.8077335E+02  0.1921461E+02
         987  0.8082268E+02  0.1922091E+02
         988  0.8087212E+02  0.1922723E+02
         989  0.8092242E+02  0.1923356E+02
         990  0.8097356E+02  0.1923993E+02
         991  0.8102446E+02  0.1924628E+02
         992  0.8107635E+02  0.1925267E+02
         993  0.8112839E+02  0.1925906E+02
         994  0.8118095E+02  0.1926547E+02
         995  0.8123385E+02  0.1927189E+02
         996  0.8128732E+02  0.1927832E+02
         997  0.8134074E+02  0.1928476E+02
         998  0.8139526E+02  0.1929123E+02
         999  0.8144968E+02  0.1929758E+02
        1000  0.8150484E+02  0.1930388E+02
        1001  0.8156108E+02  0.1931022E+02
        1002  0.8161732E+02  0.1931656E+02
        1003  0.8167435E+02  0.1932293E+02
        1004  0.8173154E+02  0.1932930E+02
        1005  0.8178916E+02  0.1933567E+02
        1006  0.8184726E+02  0.1934208E+02
        1007  0.8190681E+02  0.1934852E+02
        1008  0.8196568E+02  0.1935494E+02
        1009  0.8202628E+02  0.1936142E+02
        1010  0.8208689E+02  0.1936790E+02
        1011  0.8214742E+02  0.1937437E+02
        1012  0.8220883E+02  0.1938087E+02
        1013  0.8227095E+02  0.1938739E+02
        1014  0.8233422E+02  0.1939395E+02
        1015  0.8239729E+02  0.1940050E+02
        1016  0.8246160E+02  0.1940702E+02
        1017  0.8252630E+02  0.1941346E+02
        1018  0.8259146E+02  0.1941991E+02
        1019  0.8265702E+02  0.1942637E+02
        1020  0.8272298E+02  0.1943285E+02
        1021  0.8279029E+02  0.1943937E+02
        1022  0.8285784E+02  0.1944590E+02
        1023  0.8292533E+02  0.1945242E+02
        1024  0.8299465E+02  0.1945900E+02
        1025  0.8306378E+02  0.1946558E+02
        1026  0.8313369E+02  0.1947218E+02
        1027  0.8320443E+02  0.1947880E+02
        1028  0.8327545E+02  0.1948543E+02
        1029  0.8334689E+02  0.1949207E+02
        1030  0.8341945E+02  0.1949874E+02
        1031  0.8349262E+02  0.1950544E+02
        1032  0.8356593E+02  0.1951213E+02
        1033  0.8364064E+02  0.1951888E+02
        1034  0.8371531E+02  0.1952548E+02
        1035  0.8379090E+02  0.1953211E+02
        1036  0.8386649E+02  0.1953874E+02
        1037  0.8394349E+02  0.1954541E+02
        1038  0.8402057E+02  0.1955208E+02
        1039  0.8409834E+02  0.1955877E+02
        1040  0.8417690E+02  0.1956549E+02
        1041  0.8425620E+02  0.1957223E+02
        1042  0.8433608E+02  0.1957898E+02
        1043  0.8441609E+02  0.1958573E+02
        1044  0.8449754E+02  0.1959254E+02
        1045  0.8457896E+02  0.1959933E+02
        1046  0.8466103E+02  0.1960615E+02
        1047  0.8474371E+02  0.1961298E+02
        1048  0.8482721E+02  0.1961983E+02
        1049  0.8491138E+02  0.1962670E+02
        1050  0.8499603E+02  0.1963359E+02
        1051  0.8508097E+02  0.1964047E+02
        1052  0.8516698E+02  0.1964729E+02
        1053  0.8525312E+02  0.1965412E+02
        1054  0.8534039E+02  0.1966098E+02
        1055  0.8542795E+02  0.1966784E+02
        1056  0.8551592E+02  0.1967473E+02
        1057  0.8560464E+02  0.1968162E+02
        1058  0.8569446E+02  0.1968855E+02
        1059  0.8578435E+02  0.1969548E+02
        1060  0.8587484E+02  0.1970243E+02
        1061  0.8596581E+02  0.1970939E+02
        1062  0.8605754E+02  0.1971637E+02
        1063  0.8614989E+02  0.1972336E+02
        1064  0.8624277E+02  0.1973037E+02
        1065  0.8633614E+02  0.1973740E+02
        1066  0.8643031E+02  0.1974444E+02
        1067  0.8652440E+02  0.1975147E+02
        1068  0.8661949E+02  0.1975854E+02
        1069  0.8671553E+02  0.1976562E+02
        1070  0.8681152E+02  0.1977264E+02
        1071  0.8690818E+02  0.1977967E+02
        1072  0.8700600E+02  0.1978674E+02
        1073  0.8710404E+02  0.1979381E+02
        1074  0.8720280E+02  0.1980090E+02
        1075  0.8730116E+02  0.1980797E+02
        1076  0.8740130E+02  0.1981509E+02
        1077  0.8750110E+02  0.1982221E+02
        1078  0.8760205E+02  0.1982935E+02
        1079  0.8770328E+02  0.1983650E+02
        1080  0.8780463E+02  0.1984364E+02
        1081  0.8790732E+02  0.1985083E+02
        1082  0.8801016E+02  0.1985802E+02
        1083  0.8811372E+02  0.1986522E+02
        1084  0.8821706E+02  0.1987242E+02
        1085  0.8832079E+02  0.1987961E+02
        1086  0.8842605E+02  0.1988686E+02
        1087  0.8853165E+02  0.1989412E+02
        1088  0.8863712E+02  0.1990132E+02
        1089  0.8874371E+02  0.1990854E+02
        1090  0.8885069E+02  0.1991577E+02
        1091  0.8895793E+02  0.1992300E+02
        1092  0.8906516E+02  0.1993023E+02
        1093  0.8917393E+02  0.1993750E+02
        1094  0.8928185E+02  0.1994474E+02
        1095  0.8939137E+02  0.1995203E+02
        1096  0.8950118E+02  0.1995932E+02
        1097  0.8961104E+02  0.1996660E+02
        1098  0.8972089E+02  0.1997388E+02
        1099  0.8983230E+02  0.1998121E+02
        1100  0.8994303E+02  0.1998851E+02
        1101  0.9005488E+02  0.1999584E+02
        1102  0.9016646E+02  0.2000316E+02
        1103  0.9027919E+02  0.2001050E+02
        1104  0.9039164E+02  0.2001784E+02
        1105  0.9050528E+02  0.2002521E+02
        1106  0.9061869E+02  0.2003257E+02
        1107  0.9073225E+02  0.2003986E+02
        1108  0.9084664E+02  0.2004718E+02
        1109  0.9096088E+02  0.2005449E+02
        1110  0.9107596E+02  0.2006182E+02
        1111  0.9119123E+02  0.2006915E+02
        1112  0.9130677E+02  0.2007649E+02
        1113  0.9142222E+02  0.2008382E+02
        1114  0.9153853E+02  0.2009117E+02
        1115  0.9165456E+02  0.2009850E+02
        1116  0.9177168E+02  0.2010587E+02
        1117  0.9188857E+02  0.2011322E+02
        1118  0.9200579E+02  0.2012058E+02
        1119  0.9212309E+02  0.2012793E+02
        1120  0.9224073E+02  0.2013529E+02
        1121  0.9235897E+02  0.2014267E+02
        1122  0.9247711E+02  0.2015004E+02
        1123  0.9259518E+02  0.2015739E+02
        1124  0.9271390E+02  0.2016476E+02
        1125  0.9283302E+02  0.2017214E+02
        1126  0.9295190E+02  0.2017944E+02
        1127  0.9307127E+02  0.2018675E+02
        1128  0.9319089E+02  0.2019407E+02
        1129  0.9331097E+02  0.2020138E+02
        1130  0.9343089E+02  0.2020869E+02
        1131  0.9355095E+02  0.2021600E+02
        1132  0.9367111E+02  0.2022330E+02
        1133  0.9379187E+02  0.2023062E+02
        1134  0.9391257E+02  0.2023793E+02
        1135  0.9403364E+02  0.2024525E+02
        1136  0.9415478E+02  0.2025257E+02
        1137  0.9427594E+02  0.2025988E+02
        1138  0.9439775E+02  0.2026720E+02
        1139  0.9451912E+02  0.2027451E+02
        1140  0.9464114E+02  0.2028183E+02
        1141  0.9476331E+02  0.2028915E+02
        1142  0.9488554E+02  0.2029647E+02
        1143  0.9500809E+02  0.2030379E+02
        1144  0.9513090E+02  0.2031112E+02
        1145  0.9525365E+02  0.2031837E+02
        1146  0.9537682E+02  0.2032561E+02
        1147  0.9550031E+02  0.2033284E+02
        1148  0.9562380E+02  0.2034007E+02
        1149  0.9574751E+02  0.2034730E+02
        1150  0.9587128E+02  0.2035453E+02
        1151  0.9599562E+02  0.2036177E+02
        1152  0.9612008E+02  0.2036900E+02
        1153  0.9624487E+02  0.2037625E+02
        1154  0.9636967E+02  0.2038348E+02
        1155  0.9649512E+02  0.2039073E+02
        1156  0.9662064E+02  0.2039798E+02
        1157  0.9674622E+02  0.2040523E+02
        1158  0.9687231E+02  0.2041248E+02
        1159  0.9699871E+02  0.2041974E+02
        1160  0.9712532E+02  0.2042700E+02
        1161  0.9725219E+02  0.2043426E+02
        1162  0.9737943E+02  0.2044153E+02
        1163  0.9750706E+02  0.2044880E+02
        1164  0.9763499E+02  0.2045608E+02
        1165  0.9776307E+02  0.2046326E+02
        1166  0.9789165E+02  0.2047044E+02
        1167  0.9802064E+02  0.2047762E+02
        1168  0.9814991E+02  0.2048481E+02
        1169  0.9827969E+02  0.2049201E+02
        1170  0.9840961E+02  0.2049921E+02
        1171  0.9854004E+02  0.2050641E+02
        1172  0.9867083E+02  0.2051362E+02
        1173  0.9880199E+02  0.2052084E+02
        1174  0.9893369E+02  0.2052807E+02
        1175  0.9906574E+02  0.2053530E+02
        1176  0.9919812E+02  0.2054253E+02
        1177  0.9933105E+02  0.2054978E+02
        1178  0.9946451E+02  0.2055703E+02
        1179  0.9959816E+02  0.2056429E+02
        1180  0.9973238E+02  0.2057155E+02
        1181  0.9986706E+02  0.2057882E+02
        1182  0.1000023E+03  0.2058611E+02
        1183  0.1001379E+03  0.2059340E+02
        1184  0.1002739E+03  0.2060070E+02
        1185  0.1004103E+03  0.2060791E+02
        1186  0.1005474E+03  0.2061511E+02
        1187  0.1006848E+03  0.2062234E+02
        1188  0.1008229E+03  0.2062956E+02
        1189  0.1009613E+03  0.2063679E+02
        1190  0.1011003E+03  0.2064403E+02
        1191  0.1012397E+03  0.2065128E+02
        1192  0.1013795E+03  0.2065854E+02
        1193  0.1015199E+03  0.2066580E+02
        1194  0.1016609E+03  0.2067307E+02
        1195  0.1018021E+03  0.2068035E+02
        1196  0.1019440E+03  0.2068764E+02
        1197  0.1020863E+03  0.2069493E+02
        1198  0.1022292E+03  0.2070224E+02
        1199  0.1023724E+03  0.2070955E+02
        1200  0.1025163E+03  0.2071687E+02
